90
0 31 23 45 38 78 55 75 54 74 3 73 66 75 17 51 17 6 53 42 90 93 54 54 8 68 13 30 54 29 51 73 60 26 70 50 5 25 78 11 52 33 85 18 9 54 21 26 61 74 68 3 20 74 57 80 42 23 10 96 52 13 21 64 92 91 67 49 69 45 60 73 78 45 43 39 52 65 17 13 91 37 68 63 63 25 44 58 0 6 
31 0 72 28 69 64 71 36 13 92 33 73 65 63 71 9 3 23 26 20 88 17 58 56 81 73 33 77 31 34 35 38 38 59 66 59 23 89 47 88 82 80 14 99 44 85 8 99 60 86 19 0 4 29 56 37 3 41 66 34 27 53 24 66 13 90 25 88 32 73 77 14 5 91 65 49 28 74 0 40 60 20 40 16 1 48 5 56 41 71 
23 72 0 67 35 90 10 12 78 42 37 55 8 95 98 73 44 78 99 97 18 12 17 10 28 70 10 86 79 52 9 22 21 86 89 8 76 51 72 55 93 10 62 53 5 61 27 1 91 26 98 10 90 67 72 71 90 83 57 69 35 66 91 8 53 32 16 29 84 88 36 29 50 99 35 55 12 62 9 55 40 59 65 31 27 90 2 69 73 11 
45 28 67 0 68 82 13 36 64 49 24 0 31 27 51 66 34 15 28 43 71 20 55 88 51 34 78 5 3 3 16 41 63 46 22 83 28 35 19 92 37 96 45 68 75 48 34 9 64 14 5 87 34 60 75 38 94 6 95 97 9 12 90 25 10 12 8 38 99 80 83 36 28 28 4 3 28 90 12 92 4 17 79 39 29 7 29 23 13 24 
38 69 35 68 0 98 26 60 89 26 40 24 14 20 4 19 23 32 9 87 25 14 57 56 5 86 15 34 62 28 10 34 3 99 49 54 49 75 14 38 53 6 62 68 26 66 39 49 99 48 37 76 14 94 84 71 32 0 57 94 28 68 29 83 67 30 38 68 57 4 7 11 11 21 31 37 40 70 39 91 70 76 19 37 22 3 8 6 3 66 
78 64 90 82 98 0 12 9 73 21 14 32 32 25 54 15 14 46 85 53 89 8 81 8 45 55 63 53 62 19 71 63 55 57 97 74 62 9 36 36 30 50 68 15 27 74 30 41 72 68 95 61 76 76 21 21 32 37 26 94 56 50 9 11 7 6 37 70 67 73 58 49 75 26 16 2 53 99 96 25 19 43 39 95 19 60 68 3 97 46 
55 71 10 13 26 12 0 6 26 87 31 36 89 59 14 5 13 67 56 9 45 75 52 84 22 24 44 90 27 94 37 29 99 33 39 68 89 8 26 67 95 57 3 84 16 70 42 82 37 98 91 34 74 96 18 96 20 15 39 99 9 28 28 60 13 68 28 3 76 6 22 71 64 78 8 32 48 50 14 37 48 58 72 74 54 42 71 26 57 62 
75 36 12 36 60 9 6 0 6 98 66 81 21 82 59 29 66 59 79 33 48 80 43 72 54 97 15 25 23 72 39 0 91 29 54 22 33 28 81 91 26 99 72 0 81 83 81 48 94 13 33 43 93 76 15 47 25 82 25 0 55 64 0 98 94 55 20 27 83 53 70 62 53 43 14 34 78 95 34 73 60 19 68 53 95 35 53 20 18 78 
54 13 78 64 89 73 26 6 0 15 0 38 29 5 33 43 40 63 91 26 88 51 46 8 57 93 44 10 14 14 88 86 91 82 11 66 23 91 65 42 7 65 32 36 71 17 80 63 81 23 41 69 26 39 30 83 33 74 93 99 40 33 37 31 68 49 49 91 40 66 85 47 83 18 84 54 87 16 69 68 91 63 90 17 2 20 1 35 46 46 
74 92 42 49 26 21 87 98 15 0 36 76 65 19 46 1 26 34 17 47 54 60 10 44 77 65 16 30 52 62 77 39 0 9 15 21 57 40 43 48 5 79 76 70 51 23 71 29 57 40 76 11 52 39 8 30 4 76 12 56 91 41 47 91 50 62 65 7 2 8 7 60 88 84 82 91 59 6 20 68 46 96 31 51 87 39 81 91 16 45 
3 33 37 24 40 14 31 66 0 36 0 4 24 16 40 7 7 99 13 27 19 11 75 51 62 63 42 95 6 58 41 6 17 80 54 20 17 64 87 14 80 63 71 5 79 11 64 86 63 77 65 82 40 93 85 55 56 28 50 62 38 43 21 56 23 75 28 93 91 15 7 71 79 30 28 10 94 92 49 57 21 66 91 14 59 29 69 67 57 19 
73 73 55 0 24 32 36 81 38 76 4 0 92 78 73 21 40 67 65 89 76 87 56 20 1 15 49 22 35 58 41 17 53 8 20 57 99 50 40 82 19 87 25 63 17 51 36 58 18 2 99 47 41 55 67 94 23 68 16 58 26 9 75 31 18 47 40 17 97 81 51 68 20 77 31 38 28 68 48 98 22 47 45 63 3 64 9 78 84 25 
66 65 8 31 14 32 89 21 29 65 24 92 0 36 54 10 26 34 30 74 84 4 73 30 19 28 46 28 6 31 5 94 93 92 9 39 48 23 74 74 82 41 51 61 29 5 24 55 91 6 81 75 11 55 57 30 83 56 11 90 39 16 36 84 60 98 24 9 21 50 83 56 91 34 69 21 91 45 28 82 52 10 9 15 17 19 97 0 75 8 
75 63 95 27 20 25 59 82 5 19 16 78 36 0 67 28 41 58 73 69 92 77 31 2 92 48 73 42 49 48 2 43 14 79 74 64 69 3 91 67 6 67 1 64 87 68 92 28 27 18 50 71 95 81 25 40 30 98 34 31 98 36 74 12 68 49 29 89 4 72 56 10 39 57 75 79 78 19 7 5 37 57 76 85 91 2 77 73 52 11 
17 71 98 51 4 54 14 59 33 46 40 73 54 67 0 21 39 52 41 46 9 30 56 38 15 99 92 44 72 44 55 76 95 7 6 11 26 38 7 35 74 76 0 20 36 26 42 75 31 83 73 40 65 81 78 81 80 22 25 52 67 33 80 14 40 39 25 66 77 85 53 51 61 5 71 49 32 65 24 63 0 97 55 66 79 86 99 11 8 76 
51 9 73 66 19 15 5 29 43 1 7 21 10 28 21 0 66 63 4 42 78 5 40 33 71 71 71 70 82 80 46 98 7 8 43 49 61 78 69 81 43 25 7 58 43 38 97 61 1 2 4 79 59 96 64 82 67 36 52 1 16 50 0 75 10 95 25 72 25 46 5 68 23 64 27 66 2 76 80 3 78 84 34 89 80 99 71 99 87 75 
17 3 44 34 23 14 13 66 40 26 7 40 26 41 39 66 0 37 49 27 92 79 11 27 21 43 78 92 42 65 68 95 20 46 99 2 86 99 10 99 76 67 17 21 96 51 46 44 40 47 71 33 78 83 12 99 26 90 44 21 7 12 68 79 10 19 81 96 70 43 95 46 11 64 20 59 68 66 3 8 65 75 93 43 10 5 95 88 95 39 
6 23 78 15 32 46 67 59 63 34 99 67 34 58 52 63 37 0 56 88 54 21 63 47 16 25 53 11 66 48 2 27 55 5 9 88 70 58 55 32 29 18 41 99 43 66 37 28 60 45 17 14 18 32 13 35 58 66 98 24 67 1 3 22 6 12 10 29 22 18 61 52 88 54 51 31 20 41 60 32 38 29 98 57 61 12 44 71 30 42 
53 26 99 28 9 85 56 79 91 17 13 65 30 73 41 4 49 56 0 35 3 77 64 53 34 78 65 30 49 96 72 49 45 68 52 17 22 67 51 5 5 55 49 47 47 99 93 22 21 31 58 24 8 74 78 94 4 95 24 6 43 49 55 41 17 7 58 91 26 61 96 32 68 97 31 67 48 76 89 69 8 99 94 68 26 24 63 30 71 39 
42 20 97 43 87 53 9 33 26 47 27 89 74 69 46 42 27 88 35 0 59 81 59 5 49 37 81 64 19 52 4 8 19 92 51 27 50 54 45 98 83 24 95 48 75 36 92 93 78 65 53 89 98 12 94 48 1 27 64 20 79 68 28 99 13 32 78 15 86 24 65 21 0 60 69 76 49 13 69 79 31 22 68 29 86 14 29 39 41 94 
90 88 18 71 25 89 45 48 88 54 19 76 84 92 9 78 92 54 3 59 0 53 98 20 82 37 86 64 76 79 10 88 52 24 81 27 4 5 29 98 68 7 10 3 86 83 8 40 56 30 16 9 83 67 81 17 4 20 81 80 99 91 21 3 68 2 31 72 7 12 22 27 72 33 31 58 68 91 50 76 21 67 37 4 34 19 21 90 91 55 
93 17 12 20 14 8 75 80 51 60 11 87 4 77 30 5 79 21 77 81 53 0 93 28 31 27 99 5 17 90 60 39 80 58 83 78 25 28 7 15 33 1 76 66 14 22 29 90 36 36 64 27 11 9 7 43 36 6 0 5 96 60 96 28 70 79 7 95 60 14 11 45 67 39 11 82 62 93 24 50 29 40 77 92 49 36 87 37 42 87 
54 58 17 55 57 81 52 43 46 10 75 56 73 31 56 40 11 63 64 59 98 93 0 62 57 11 98 45 48 93 84 42 83 32 32 54 2 54 84 19 88 29 0 68 93 20 59 39 2 95 61 34 60 75 48 17 86 99 14 34 92 99 28 27 83 60 34 37 67 18 56 55 99 8 75 92 28 34 83 30 29 96 17 41 71 65 59 57 16 25 
54 56 10 88 56 8 84 72 8 44 51 20 30 2 38 33 27 47 53 5 20 28 62 0 43 88 11 54 45 27 32 41 36 8 64 76 68 0 98 16 3 38 73 14 30 39 0 15 33 72 35 57 74 99 51 70 87 62 76 85 89 8 78 77 17 42 53 37 43 3 53 46 94 27 12 24 66 12 91 51 37 26 8 63 78 11 85 17 25 62 
8 81 28 51 5 45 22 54 57 77 62 1 19 92 15 71 21 16 34 49 82 31 57 43 0 76 2 83 93 27 45 48 94 16 80 91 55 55 45 84 25 50 66 94 2 27 27 78 54 72 97 84 7 95 74 5 71 76 88 65 56 34 13 2 2 45 45 9 53 90 93 30 41 59 24 43 86 3 73 92 76 70 28 83 66 3 40 89 31 28 
68 73 70 34 86 55 24 97 93 65 63 15 28 48 99 71 43 25 78 37 37 27 11 88 76 0 49 31 17 81 60 71 20 74 43 62 43 60 2 21 78 80 44 78 51 27 55 17 49 36 4 15 92 65 9 36 93 59 67 10 92 79 33 12 6 76 27 49 36 29 22 66 61 66 97 12 46 52 81 95 88 85 62 33 50 71 69 95 30 36 
13 33 10 78 15 63 44 15 44 16 42 49 46 73 92 71 78 53 65 81 86 99 98 11 2 49 0 66 88 76 55 93 51 23 84 38 97 52 4 24 60 51 73 82 59 40 54 31 54 78 84 14 42 74 89 40 18 83 6 6 11 61 52 62 36 36 52 33 40 8 9 0 11 34 35 70 75 89 53 81 19 89 47 13 15 36 53 34 71 12 
30 77 86 5 34 53 90 25 10 30 95 22 28 42 44 70 92 11 30 64 64 5 45 54 83 31 66 0 89 59 0 29 94 25 74 43 39 55 45 87 76 8 96 50 82 39 59 26 58 9 76 9 78 16 60 61 71 0 49 60 11 1 41 5 78 67 0 18 22 98 5 51 6 1 53 88 40 65 14 50 74 43 12 5 59 24 18 30 24 19 
54 31 79 3 62 62 27 23 14 52 6 35 6 49 72 82 42 66 49 19 76 17 48 45 93 17 88 89 0 34 23 33 70 43 21 14 94 76 59 62 5 2 88 38 3 14 76 92 33 79 96 3 8 94 88 95 4 46 99 43 81 23 29 3 18 50 17 64 26 29 27 83 31 15 21 35 29 97 79 15 28 27 18 37 22 58 32 78 5 31 
29 34 52 3 28 19 94 72 14 62 58 58 31 48 44 80 65 48 96 52 79 90 93 27 27 81 76 59 34 0 18 42 3 76 45 44 1 49 55 43 80 94 11 94 17 47 81 27 64 18 17 44 32 34 46 34 25 6 21 94 72 91 36 75 67 33 72 21 83 27 64 15 73 27 61 91 74 42 18 38 61 35 34 45 69 32 31 94 39 4 
51 35 9 16 10 71 37 39 88 77 41 41 5 2 55 46 68 2 72 4 10 60 84 32 45 60 55 0 23 18 0 72 69 9 1 8 24 64 70 12 61 12 16 74 27 0 47 33 58 63 61 6 44 25 41 70 11 9 28 43 15 42 15 85 51 17 45 76 33 15 40 94 27 9 68 54 9 16 39 19 31 1 25 76 78 19 98 89 28 26 
73 38 22 41 34 63 29 0 86 39 6 17 94 43 76 98 95 27 49 8 88 39 42 41 48 71 93 29 33 42 72 0 53 90 80 86 14 1 15 14 55 60 6 55 33 8 24 64 70 9 82 52 26 6 63 70 56 41 61 99 51 83 27 56 25 7 94 39 8 10 53 15 70 11 23 55 19 47 19 90 57 54 94 83 60 57 53 68 50 67 
60 38 21 63 3 55 99 91 91 0 17 53 93 14 95 7 20 55 45 19 52 80 83 36 94 20 51 94 70 3 69 53 0 23 64 19 54 18 75 24 81 41 99 64 82 86 21 26 44 74 93 92 88 63 38 85 44 41 40 94 46 61 11 56 37 27 75 91 45 51 16 79 44 67 43 26 5 16 4 49 91 98 93 31 61 31 69 57 24 9 
26 59 86 46 99 57 33 29 82 9 80 8 92 79 7 8 46 5 68 92 24 58 32 8 16 74 23 25 43 76 9 90 23 0 71 96 12 12 50 63 51 59 82 17 60 68 30 40 8 60 77 2 80 11 89 84 7 7 57 12 2 91 16 20 96 39 16 60 52 18 75 3 77 57 73 89 25 55 82 86 15 11 88 96 22 29 32 29 88 42 
70 66 89 22 49 97 39 54 11 15 54 20 9 74 6 43 99 9 52 51 81 83 32 64 80 43 84 74 21 45 1 80 64 71 0 56 94 77 39 88 31 92 8 92 22 86 26 46 93 67 51 34 24 68 67 77 59 29 15 79 79 94 93 25 59 21 81 6 99 73 46 82 65 54 74 40 92 52 38 85 71 89 71 96 57 90 25 16 71 92 
50 59 8 83 54 74 68 22 66 21 20 57 39 64 11 49 2 88 17 27 27 78 54 76 91 62 38 43 14 44 8 86 19 96 56 0 57 58 21 13 72 7 68 20 11 77 94 7 82 72 41 73 21 65 88 19 98 93 94 99 21 61 97 53 20 40 12 29 50 85 94 74 45 62 46 8 91 40 68 74 64 9 47 37 26 87 8 24 80 2 
5 23 76 28 49 62 89 33 23 57 17 99 48 69 26 61 86 70 22 50 4 25 2 68 55 43 97 39 94 1 24 14 54 12 94 57 0 65 95 20 32 4 36 21 10 14 8 25 83 87 7 31 82 51 26 14 74 60 55 73 75 51 48 44 14 96 68 18 13 16 90 45 72 26 66 83 40 26 8 76 65 67 59 47 71 37 13 45 97 69 
25 89 51 35 75 9 8 28 91 40 64 50 23 3 38 78 99 58 67 54 5 28 54 0 55 60 52 55 76 49 64 1 18 12 77 58 65 0 76 41 46 34 92 70 64 70 64 78 40 36 51 38 73 40 43 9 52 37 58 61 28 29 92 97 23 41 83 56 56 59 50 54 93 42 76 57 64 40 87 56 76 39 94 49 31 89 10 36 26 69 
78 47 72 19 14 36 26 81 65 43 87 40 74 91 7 69 10 55 51 45 29 7 84 98 45 2 4 45 59 55 70 15 75 50 39 21 95 76 0 82 17 18 14 64 65 41 87 69 84 2 13 83 46 96 77 92 63 61 96 65 23 73 65 44 0 59 21 0 37 89 35 6 7 49 22 72 42 9 93 78 64 7 62 62 55 39 54 18 52 2 
11 88 55 92 38 36 67 91 42 48 14 82 74 67 35 81 99 32 5 98 98 15 19 16 84 21 24 87 62 43 12 14 24 63 88 13 20 41 82 0 95 16 74 56 9 38 87 73 97 79 31 35 88 96 86 59 69 29 84 12 73 12 91 44 68 71 86 51 17 21 62 64 90 36 20 99 26 7 72 76 39 4 63 27 52 49 38 73 31 22 
52 82 93 37 53 30 95 26 7 5 80 19 82 6 74 43 76 29 5 83 68 33 88 3 25 78 60 76 5 80 61 55 81 51 31 72 32 46 17 95 0 64 72 36 66 32 42 19 18 55 45 33 60 26 10 91 12 37 13 24 47 57 73 13 40 2 79 82 84 84 82 86 48 6 74 67 38 16 86 8 24 31 41 84 10 4 27 74 93 40 
33 80 10 96 6 50 57 99 65 79 63 87 41 67 76 25 67 18 55 24 7 1 29 38 50 80 51 8 2 94 12 60 41 59 92 7 4 34 18 16 64 0 39 14 39 3 41 80 56 33 56 18 0 68 26 4 89 85 35 37 90 6 88 88 27 10 93 38 62 87 72 28 4 63 94 95 18 36 75 75 21 84 45 73 52 23 77 93 61 12 
85 14 62 45 62 68 3 72 32 76 71 25 51 1 0 7 17 41 49 95 10 76 0 73 66 44 73 96 88 11 16 6 99 82 8 68 36 92 14 74 72 39 0 1 45 96 75 20 43 32 23 16 15 10 87 19 53 82 52 90 89 50 9 48 19 4 51 87 83 91 95 10 56 15 63 1 12 38 21 7 23 97 23 38 59 63 57 13 97 61 
18 99 53 68 68 15 84 0 36 70 5 63 61 64 20 58 21 99 47 48 3 66 68 14 94 78 82 50 38 94 74 55 64 17 92 20 21 70 64 56 36 14 1 0 27 68 73 66 13 41 31 17 32 92 96 61 65 39 99 51 78 99 40 56 10 46 21 5 72 29 23 2 18 58 98 46 26 23 64 91 65 95 60 49 40 56 63 57 47 62 
9 44 5 75 26 27 16 81 71 51 79 17 29 87 36 43 96 43 47 75 86 14 93 30 2 51 59 82 3 17 27 33 82 60 22 11 10 64 65 9 66 39 45 27 0 37 9 10 77 60 28 9 80 41 52 98 99 52 30 14 0 77 90 25 86 19 33 70 0 1 36 5 54 59 87 63 48 96 25 25 9 53 86 89 46 39 87 45 91 70 
54 85 61 48 66 74 70 83 17 23 11 51 5 68 26 38 51 66 99 36 83 22 20 39 27 27 40 39 14 47 0 8 86 68 86 77 14 70 41 38 32 3 96 68 37 0 99 13 26 13 15 59 36 71 27 48 73 85 0 20 87 22 79 33 96 92 47 7 25 16 74 32 93 89 66 81 12 17 94 91 30 9 50 18 80 29 66 5 67 67 
21 8 27 34 39 30 42 81 80 71 64 36 24 92 42 97 46 37 93 92 8 29 59 0 27 55 54 59 76 81 47 24 21 30 26 94 8 64 87 87 42 41 75 73 9 99 0 94 14 67 22 82 43 59 52 38 81 3 51 9 70 79 62 95 0 25 11 11 38 67 19 77 78 97 24 90 87 49 84 53 68 6 35 11 17 39 1 51 43 52 
26 99 1 9 49 41 82 48 63 29 86 58 55 28 75 61 44 28 22 93 40 90 39 15 78 17 31 26 92 27 33 64 26 40 46 7 25 78 69 73 19 80 20 66 10 13 94 0 42 66 62 50 79 71 93 55 97 80 85 26 10 68 67 5 86 82 16 40 50 51 93 59 80 65 36 29 5 9 45 47 75 8 97 6 31 42 62 28 23 99 
61 60 91 64 99 72 37 94 81 57 63 18 91 27 31 1 40 60 21 78 56 36 2 33 54 49 54 58 33 64 58 70 44 8 93 82 83 40 84 97 18 56 43 13 77 26 14 42 0 26 13 50 68 91 60 69 51 12 32 92 91 95 38 55 25 10 63 12 89 82 45 73 11 17 79 83 46 90 79 36 68 93 86 88 36 46 58 39 10 90 
74 86 26 14 48 68 98 13 23 40 77 2 6 18 83 2 47 45 31 65 30 36 95 72 72 36 78 9 79 18 63 9 74 60 67 72 87 36 2 79 55 33 32 41 60 13 67 66 26 0 11 78 58 36 88 86 50 97 72 51 17 49 87 42 63 46 24 39 40 30 43 60 90 19 78 67 37 25 98 91 44 9 69 3 97 57 89 47 7 14 
68 19 98 5 37 95 91 33 41 76 65 99 81 50 73 4 71 17 58 53 16 64 61 35 97 4 84 76 96 17 61 82 93 77 51 41 7 51 13 31 45 56 23 31 28 15 22 62 13 11 0 49 26 40 34 17 82 76 2 24 77 1 16 6 15 46 53 59 12 42 73 54 7 51 85 86 64 83 50 50 20 46 52 98 87 86 68 69 14 70 
3 0 10 87 76 61 34 43 69 11 82 47 75 71 40 79 33 14 24 89 9 27 34 57 84 15 14 9 3 44 6 52 92 2 34 73 31 38 83 35 33 18 16 17 9 59 82 50 50 78 49 0 91 73 93 9 2 25 46 1 71 6 45 12 86 2 2 6 15 46 24 0 38 15 10 37 28 84 77 33 57 12 80 0 38 25 9 40 50 8 
20 4 90 34 14 76 74 93 26 52 40 41 11 95 65 59 78 18 8 98 83 11 60 74 7 92 42 78 8 32 44 26 88 80 24 21 82 73 46 88 60 0 15 32 80 36 43 79 68 58 26 91 0 84 55 46 76 78 25 61 3 63 39 1 68 7 33 26 21 5 95 95 10 52 29 90 11 35 31 53 48 14 59 77 98 15 76 27 45 1 
74 29 67 60 94 76 96 76 39 39 93 55 55 81 81 96 83 32 74 12 67 9 75 99 95 65 74 16 94 34 25 6 63 11 68 65 51 40 96 96 26 68 10 92 41 71 59 71 91 36 40 73 84 0 52 13 92 5 38 63 56 15 23 54 9 9 6 88 34 45 79 19 28 28 10 13 89 85 43 75 83 0 89 0 0 93 13 44 98 3 
57 56 72 75 84 21 18 15 30 8 85 67 57 25 78 64 12 13 78 94 81 7 48 51 74 9 89 60 88 46 41 63 38 89 67 88 26 43 77 86 10 26 87 96 52 27 52 93 60 88 34 93 55 52 0 91 69 85 88 23 66 41 85 2 16 30 3 20 66 24 97 85 13 22 54 0 28 82 98 51 10 54 71 70 65 77 14 86 14 54 
80 37 71 38 71 21 96 47 83 30 55 94 30 40 81 82 99 35 94 48 17 43 17 70 5 36 40 61 95 34 70 70 85 84 77 19 14 9 92 59 91 4 19 61 98 48 38 55 69 86 17 9 46 13 91 0 57 99 60 46 56 34 96 94 56 93 19 42 67 35 65 36 13 25 87 71 42 24 9 48 31 31 45 21 86 4 13 95 55 25 
42 3 90 94 32 32 20 25 33 4 56 23 83 30 80 67 26 58 4 1 4 36 86 87 71 93 18 71 4 25 11 56 44 7 59 98 74 52 63 69 12 89 53 65 99 73 81 97 51 50 82 2 76 92 69 57 0 58 39 39 67 34 64 87 89 82 22 64 34 87 2 40 69 67 36 33 85 9 2 2 36 34 67 99 11 77 67 23 87 6 
23 41 83 6 0 37 15 82 74 76 28 68 56 98 22 36 90 66 95 27 20 6 99 62 76 59 83 0 46 6 9 41 41 7 29 93 60 37 61 29 37 85 82 39 52 85 3 80 12 97 76 25 78 5 85 99 58 0 98 58 97 1 59 95 49 91 39 32 36 48 13 81 12 0 65 2 6 78 3 70 29 66 41 6 28 91 60 52 97 59 
10 66 57 95 57 26 39 25 93 12 50 16 11 34 25 52 44 98 24 64 81 0 14 76 88 67 6 49 99 21 28 61 40 57 15 94 55 58 96 84 13 35 52 99 30 0 51 85 32 72 2 46 25 38 88 60 39 98 0 29 82 60 47 58 59 39 75 25 97 30 36 5 71 7 97 9 94 90 0 50 11 47 99 40 68 80 37 43 90 58 
96 34 69 97 94 94 99 0 99 56 62 58 90 31 52 1 21 24 6 20 80 5 34 85 65 10 6 60 43 94 43 99 94 12 79 99 73 61 65 12 24 37 90 51 14 20 9 26 92 51 24 1 61 63 23 46 39 58 29 0 14 96 22 7 27 8 35 89 9 73 9 70 52 25 0 94 92 46 13 56 1 57 72 24 79 86 61 46 79 48 
52 27 35 9 28 56 9 55 40 91 38 26 39 98 67 16 7 67 43 79 99 96 92 89 56 92 11 11 81 72 15 51 46 2 79 21 75 28 23 73 47 90 89 78 0 87 70 10 91 17 77 71 3 56 66 56 67 97 82 14 0 15 33 37 67 30 80 95 15 15 35 1 15 1 54 33 70 78 63 84 20 69 50 29 9 92 84 62 97 96 
13 53 66 12 68 50 28 64 33 41 43 9 16 36 33 50 12 1 49 68 91 60 99 8 34 79 61 1 23 91 42 83 61 91 94 61 51 29 73 12 57 6 50 99 77 22 79 68 95 49 1 6 63 15 41 34 34 1 60 96 15 0 72 6 6 1 52 80 71 62 80 1 57 93 92 99 72 98 74 92 97 97 32 63 37 46 23 3 76 63 
21 24 91 90 29 9 28 0 37 47 21 75 36 74 80 0 68 3 55 28 21 96 28 78 13 33 52 41 29 36 15 27 11 16 93 97 48 92 65 91 73 88 9 40 90 79 62 67 38 87 16 45 39 23 85 96 64 59 47 22 33 72 0 73 59 31 94 79 69 48 21 64 49 65 13 2 6 12 58 67 7 95 40 47 6 10 96 84 71 29 
64 66 8 25 83 11 60 98 31 91 56 31 84 12 14 75 79 22 41 99 3 28 27 77 2 12 62 5 3 75 85 56 56 20 25 53 44 97 44 44 13 88 48 56 25 33 95 5 55 42 6 12 1 54 2 94 87 95 58 7 37 6 73 0 97 46 15 5 45 0 13 52 57 90 30 82 5 96 83 61 59 18 29 78 35 96 51 39 78 76 
92 13 53 10 67 7 13 94 68 50 23 18 60 68 40 10 10 6 17 13 68 70 83 17 2 6 36 78 18 67 51 25 37 96 59 20 14 23 0 68 40 27 19 10 86 96 0 86 25 63 15 86 68 9 16 56 89 49 59 27 67 6 59 97 0 1 93 51 69 74 4 84 74 59 1 48 61 50 81 12 29 57 77 48 94 34 85 32 31 93 
91 90 32 12 30 6 68 55 49 62 75 47 98 49 39 95 19 12 7 32 2 79 60 42 45 76 36 67 50 33 17 7 27 39 21 40 96 41 59 71 2 10 4 46 19 92 25 82 10 46 46 2 7 9 30 93 82 91 39 8 30 1 31 46 1 0 80 45 89 17 90 69 5 82 10 70 30 7 9 97 16 55 45 62 16 57 96 87 15 4 
67 25 16 8 38 37 28 20 49 65 28 40 24 29 25 25 81 10 58 78 31 7 34 53 45 27 52 0 17 72 45 94 75 16 81 12 68 83 21 86 79 93 51 21 33 47 11 16 63 24 53 2 33 6 3 19 22 39 75 35 80 52 94 15 93 80 0 64 57 14 50 19 79 91 48 24 22 56 77 25 0 91 97 96 29 84 10 3 46 38 
49 88 29 38 68 70 3 27 91 7 93 17 9 89 66 72 96 29 91 15 72 95 37 37 9 49 33 18 64 21 76 39 91 60 6 29 18 56 0 51 82 38 87 5 70 7 11 40 12 39 59 6 26 88 20 42 64 32 25 89 95 80 79 5 51 45 64 0 72 45 99 41 60 35 19 51 64 54 0 57 53 79 94 70 36 70 49 96 73 57 
69 32 84 99 57 67 76 83 40 2 91 97 21 4 77 25 70 22 26 86 7 60 67 43 53 36 40 22 26 83 33 8 45 52 99 50 13 56 37 17 84 62 83 72 0 25 38 50 89 40 12 15 21 34 66 67 34 36 97 9 15 71 69 45 69 89 57 72 0 47 21 1 37 67 2 69 66 83 46 87 45 69 87 98 17 64 8 77 86 82 
45 73 88 80 4 73 6 53 66 8 15 81 50 72 85 46 43 18 61 24 12 14 18 3 90 29 8 98 29 27 15 10 51 18 73 85 16 59 89 21 84 87 91 29 1 16 67 51 82 30 42 46 5 45 24 35 87 48 30 73 15 62 48 0 74 17 14 45 47 0 15 40 48 88 9 60 69 29 13 74 30 56 92 61 56 12 69 34 96 14 
60 77 36 83 7 58 22 70 85 7 7 51 83 56 53 5 95 61 96 65 22 11 56 53 93 22 9 5 27 64 40 53 16 75 46 94 90 50 35 62 82 72 95 23 36 74 19 93 45 43 73 24 95 79 97 65 2 13 36 9 35 80 21 13 4 90 50 99 21 15 0 47 82 61 86 35 8 30 13 58 60 76 34 58 85 83 34 96 66 8 
73 14 29 36 11 49 71 62 47 60 71 68 56 10 51 68 46 52 32 21 27 45 55 46 30 66 0 51 83 15 94 15 79 3 82 74 45 54 6 64 86 28 10 2 5 32 77 59 73 60 54 0 95 19 85 36 40 81 5 70 1 1 64 52 84 69 19 41 1 40 47 0 75 18 98 39 82 85 93 75 14 96 6 47 78 9 42 22 68 33 
78 5 50 28 11 75 64 53 83 88 79 20 91 39 61 23 11 88 68 0 72 67 99 94 41 61 11 6 31 73 27 70 44 77 65 45 72 93 7 90 48 4 56 18 54 93 78 80 11 90 7 38 10 28 13 13 69 12 71 52 15 57 49 57 74 5 79 60 37 48 82 75 0 64 35 80 9 82 11 87 79 68 77 93 48 33 70 28 64 6 
45 91 99 28 21 26 78 43 18 84 30 77 34 57 5 64 64 54 97 60 33 39 8 27 59 66 34 1 15 27 9 11 67 57 54 62 26 42 49 36 6 63 15 58 59 89 97 65 17 19 51 15 52 28 22 25 67 0 7 25 1 93 65 90 59 82 91 35 67 88 61 18 64 0 30 30 20 55 39 35 37 89 74 60 53 18 65 26 49 26 
43 65 35 4 31 16 8 14 84 82 28 31 69 75 71 27 20 51 31 69 31 11 75 12 24 97 35 53 21 61 68 23 43 73 74 46 66 76 22 20 74 94 63 98 87 66 24 36 79 78 85 10 29 10 54 87 36 65 97 0 54 92 13 30 1 10 48 19 2 9 86 98 35 30 0 87 25 91 5 6 30 74 77 49 86 16 58 44 41 76 
39 49 55 3 37 2 32 34 54 91 10 38 21 79 49 66 59 31 67 76 58 82 92 24 43 12 70 88 35 91 54 55 26 89 40 8 83 57 72 99 67 95 1 46 63 81 90 29 83 67 86 37 90 13 0 71 33 2 9 94 33 99 2 82 48 70 24 51 69 60 35 39 80 30 87 0 97 52 30 90 58 37 46 21 3 93 40 65 99 77 
52 28 12 28 40 53 48 78 87 59 94 28 91 78 32 2 68 20 48 49 68 62 28 66 86 46 75 40 29 74 9 19 5 25 92 91 40 64 42 26 38 18 12 26 48 12 87 5 46 37 64 28 11 89 28 42 85 6 94 92 70 72 6 5 61 30 22 64 66 69 8 82 9 20 25 97 0 83 12 17 65 20 0 80 75 8 50 32 84 66 
65 74 62 90 70 99 50 95 16 6 92 68 45 19 65 76 66 41 76 13 91 93 34 12 3 52 89 65 97 42 16 47 16 55 52 40 26 40 9 7 16 36 38 23 96 17 49 9 90 25 83 84 35 85 82 24 9 78 90 46 78 98 12 96 50 7 56 54 83 29 30 85 82 55 91 52 83 0 51 17 67 61 85 25 36 19 69 53 26 5 
17 0 9 12 39 96 14 34 69 20 49 48 28 7 24 80 3 60 89 69 50 24 83 91 73 81 53 14 79 18 39 19 4 82 38 68 8 87 93 72 86 75 21 64 25 94 84 45 79 98 50 77 31 43 98 9 2 3 0 13 63 74 58 83 81 9 77 0 46 13 13 93 11 39 5 30 12 51 0 51 54 90 33 93 67 21 25 65 33 17 
13 40 55 92 91 25 37 73 68 68 57 98 82 5 63 3 8 32 69 79 76 50 30 51 92 95 81 50 15 38 19 90 49 86 85 74 76 56 78 76 8 75 7 91 25 91 53 47 36 91 50 33 53 75 51 48 2 70 50 56 84 92 67 61 12 97 25 57 87 74 58 75 87 35 6 90 17 17 51 0 66 25 25 17 39 8 59 16 68 17 
91 60 40 4 70 19 48 60 91 46 21 22 52 37 0 78 65 38 8 31 21 29 29 37 76 88 19 74 28 61 31 57 91 15 71 64 65 76 64 39 24 21 23 65 9 30 68 75 68 44 20 57 48 83 10 31 36 29 11 1 20 97 7 59 29 16 0 53 45 30 60 14 79 37 30 58 65 67 54 66 0 10 75 2 1 55 79 34 82 15 
37 20 59 17 76 43 58 19 63 96 66 47 10 57 97 84 75 29 99 22 67 40 96 26 70 85 89 43 27 35 1 54 98 11 89 9 67 39 7 4 31 84 97 95 53 9 6 8 93 9 46 12 14 0 54 31 34 66 47 57 69 97 95 18 57 55 91 79 69 56 76 96 68 89 74 37 20 61 90 25 10 0 27 77 49 15 23 46 87 27 
68 40 65 79 19 39 72 68 90 31 91 45 9 76 55 34 93 98 94 68 37 77 17 8 28 62 47 12 18 34 25 94 93 88 71 47 59 94 62 63 41 45 23 60 86 50 35 97 86 69 52 80 59 89 71 45 67 41 99 72 50 32 40 29 77 45 97 94 87 92 34 6 77 74 77 46 0 85 33 25 75 27 0 97 17 73 10 91 88 48 
63 16 31 39 37 95 74 53 17 51 14 63 15 85 66 89 43 57 68 29 4 92 41 63 83 33 13 5 37 45 76 83 31 96 96 37 47 49 62 27 84 73 38 49 89 18 11 6 88 3 98 0 77 0 70 21 99 6 40 24 29 63 47 78 48 62 96 70 98 61 58 47 93 60 49 21 80 25 93 17 2 77 97 0 51 9 99 22 31 97 
63 1 27 29 22 19 54 95 2 87 59 3 17 91 79 80 10 61 26 86 34 49 71 78 66 50 15 59 22 69 78 60 61 22 57 26 71 31 55 52 10 52 59 40 46 80 17 31 36 97 87 38 98 0 65 86 11 28 68 79 9 37 6 35 94 16 29 36 17 56 85 78 48 53 86 3 75 36 67 39 1 49 17 51 0 61 34 7 59 65 
25 48 90 7 3 60 42 35 20 39 29 64 19 2 86 99 5 12 24 14 19 36 65 11 3 71 36 24 58 32 19 57 31 29 90 87 37 89 39 49 4 23 63 56 39 29 39 42 46 57 86 25 15 93 77 4 77 91 80 86 92 46 10 96 34 57 84 70 64 12 83 9 33 18 16 93 8 19 21 8 55 15 73 9 61 0 50 98 70 11 
44 5 2 29 8 68 71 53 1 81 69 9 97 77 99 71 95 44 63 29 21 87 59 85 40 69 53 18 32 31 98 53 69 32 25 8 13 10 54 38 27 77 57 63 87 66 1 62 58 89 68 9 76 13 14 13 67 60 37 61 84 23 96 51 85 96 10 49 8 69 34 42 70 65 58 40 50 69 25 59 79 23 10 99 34 50 0 40 51 29 
58 56 69 23 6 3 26 20 35 91 67 78 0 73 11 99 88 71 30 39 90 37 57 17 89 95 34 30 78 94 89 68 57 29 16 24 45 36 18 73 74 93 13 57 45 5 51 28 39 47 69 40 27 44 86 95 23 52 43 46 62 3 84 39 32 87 3 96 77 34 96 22 28 26 44 65 32 53 65 16 34 46 91 22 7 98 40 0 18 53 
0 41 73 13 3 97 57 18 46 16 57 84 75 52 8 87 95 30 71 41 91 42 16 25 31 30 71 24 5 39 28 50 24 88 71 80 97 26 52 31 93 61 97 47 91 67 43 23 10 7 14 50 45 98 14 55 87 97 90 79 97 76 71 78 31 15 46 73 86 96 66 68 64 49 41 99 84 26 33 68 82 87 88 31 59 70 51 18 0 58 
6 71 11 24 66 46 62 78 46 45 19 25 8 11 76 75 39 42 39 94 55 87 25 62 28 36 12 19 31 4 26 67 9 42 92 2 69 69 2 22 40 12 61 62 70 67 52 99 90 14 70 8 1 3 54 25 6 59 58 48 96 63 29 76 93 4 38 57 82 14 8 33 6 26 76 77 66 5 17 17 15 27 48 97 65 11 29 53 58 0 
