140
0 31 39 71 94 22 57 31 10 71 30 79 74 59 48 53 80 1 90 87 39 87 29 75 98 65 80 20 89 0 27 90 83 18 61 77 40 71 60 51 94 91 82 69 2 82 22 34 84 12 73 23 51 54 50 2 19 30 22 60 83 1 50 18 20 64 96 60 35 8 63 81 99 98 50 53 80 25 87 64 89 12 39 41 66 90 43 37 72 17 97 55 18 0 26 38 16 22 51 3 82 14 84 82 64 35 87 45 12 27 61 1 39 1 42 6 43 37 95 15 54 93 23 25 45 49 15 61 23 66 64 5 33 48 39 97 35 27 94 47 
31 0 1 45 57 95 51 52 33 99 67 39 44 42 64 89 91 80 50 66 98 66 72 83 66 63 33 54 90 27 53 96 83 54 42 92 50 45 44 35 44 64 74 88 6 39 29 50 71 31 16 21 97 40 5 16 4 90 70 46 17 23 43 53 30 85 45 80 82 90 15 27 54 41 67 12 32 97 62 3 28 79 77 78 71 34 46 75 24 68 22 41 43 17 94 73 54 92 5 36 34 20 15 88 62 83 52 94 32 15 50 12 46 79 42 17 13 88 93 89 56 67 82 52 84 29 25 90 21 31 26 55 3 94 95 65 29 47 12 61 
39 1 0 60 45 20 78 10 8 23 99 17 90 81 69 26 62 46 16 35 77 94 42 81 88 37 98 17 37 62 30 51 28 8 12 73 28 90 83 88 13 34 5 55 68 26 33 30 25 49 66 2 95 8 35 36 98 86 53 35 0 36 38 29 44 50 54 72 92 90 60 57 24 18 12 92 96 45 75 73 46 93 28 94 53 63 30 51 1 35 38 2 23 77 83 67 79 37 91 24 27 4 81 4 74 46 96 22 43 23 96 42 16 24 36 70 39 18 73 93 5 12 47 29 41 30 48 72 19 92 96 99 96 30 3 22 28 51 96 71 
71 45 60 0 68 1 13 60 71 87 53 77 51 0 58 92 82 6 16 1 50 13 52 98 95 7 20 23 59 17 94 86 61 12 29 82 13 95 42 37 82 47 66 85 47 24 77 81 82 93 34 33 58 87 31 53 94 4 28 5 73 75 43 34 87 25 68 52 20 10 89 54 57 7 39 56 31 68 89 66 13 24 99 72 63 82 77 9 86 58 15 59 33 10 46 20 35 14 72 55 77 14 61 86 21 0 95 5 68 84 71 34 60 22 58 23 56 35 85 43 45 0 54 78 62 52 98 98 19 23 5 96 37 67 34 58 67 29 15 88 
94 57 45 68 0 80 54 17 67 39 12 13 91 18 91 53 71 42 51 90 65 57 38 54 24 24 64 43 6 80 31 24 18 5 2 79 85 56 48 5 95 60 18 86 30 61 40 1 55 43 43 72 52 33 26 28 58 43 72 16 23 55 40 93 61 42 24 98 51 72 3 46 84 73 85 15 35 77 68 42 72 64 15 25 97 93 53 7 36 25 23 11 33 63 57 94 58 81 92 9 6 48 7 42 21 92 9 8 21 78 51 94 42 18 19 91 63 24 99 0 2 74 63 35 90 20 29 48 54 73 57 12 21 64 54 95 9 64 3 30 
22 95 20 1 80 0 79 88 20 30 40 22 57 55 9 47 28 90 95 82 63 4 46 37 68 0 84 29 16 87 60 10 46 36 50 22 32 82 62 4 12 54 78 21 10 87 68 38 77 63 72 92 67 18 81 88 70 65 17 87 5 29 49 51 66 0 73 50 82 36 6 46 90 84 68 52 23 36 42 52 52 66 96 71 84 30 11 7 95 29 46 0 10 95 3 28 47 29 78 29 17 36 28 59 72 96 12 95 84 54 99 88 73 48 60 57 78 71 16 73 52 62 26 63 58 81 91 5 10 22 87 27 58 15 39 83 63 51 30 47 
57 51 78 13 54 79 0 8 71 56 33 76 71 11 91 29 93 34 86 55 56 25 83 67 40 74 50 3 25 80 3 34 62 91 17 92 91 57 0 62 65 34 38 36 97 29 17 90 16 56 46 72 81 81 91 74 55 93 77 32 26 32 66 88 75 83 33 66 92 85 81 10 71 19 98 69 1 16 59 17 24 57 41 5 38 85 79 45 78 9 77 4 41 96 45 69 79 78 35 24 63 16 86 35 88 84 4 41 52 15 10 76 73 51 82 63 36 13 9 67 22 86 71 16 82 16 85 14 94 72 90 10 89 76 97 29 12 1 70 65 
31 52 10 60 17 88 8 0 41 66 39 15 4 10 83 39 79 68 53 25 93 95 35 34 23 32 63 35 85 33 52 6 65 46 99 48 73 56 20 14 22 11 82 27 74 65 66 53 86 71 78 79 18 66 13 41 50 76 76 88 61 29 94 26 27 93 26 0 50 99 15 24 10 49 51 84 14 69 37 0 92 68 79 10 86 44 51 36 72 80 24 33 61 70 11 88 64 38 88 66 89 55 90 99 4 42 36 19 63 25 71 56 93 51 18 79 47 22 68 20 2 44 53 15 15 17 3 79 55 43 45 44 99 35 95 55 29 31 26 45 
10 33 8 71 67 20 71 41 0 54 68 99 98 74 14 13 91 69 44 98 13 41 94 64 29 89 19 58 21 98 55 30 48 60 84 49 84 18 49 29 72 18 29 23 44 43 36 35 13 81 85 78 22 79 42 51 68 13 62 41 11 69 23 59 30 8 60 14 78 10 43 3 80 24 26 24 68 14 11 33 47 96 11 70 75 5 73 95 18 87 37 82 9 60 41 39 20 54 5 99 64 48 54 44 25 80 68 45 46 79 78 94 27 41 16 2 46 89 97 64 29 86 46 38 99 40 29 19 94 34 70 10 34 24 54 59 56 74 4 3 
71 99 23 87 39 30 56 66 54 0 38 83 22 36 73 21 28 2 92 22 88 63 84 23 87 38 82 44 12 39 99 17 73 96 1 49 61 87 22 15 23 60 51 45 49 24 66 77 79 58 52 67 73 36 42 61 75 77 57 39 16 56 9 89 4 10 90 65 98 65 80 21 77 83 66 26 8 84 4 39 94 56 58 68 44 1 81 19 78 90 11 46 98 20 87 2 30 78 19 80 95 51 1 72 35 19 99 95 55 55 34 50 11 92 70 55 45 3 27 75 93 90 73 91 10 61 45 92 91 64 73 86 67 26 58 2 98 57 97 53 
30 67 99 53 12 40 33 39 68 38 0 25 52 74 68 62 35 65 6 26 81 31 12 49 10 71 51 8 80 49 13 45 32 21 20 60 50 55 34 83 17 35 8 69 9 29 83 97 94 42 23 28 73 88 77 35 59 80 95 91 81 9 36 14 82 57 74 32 64 60 15 82 47 76 3 9 5 39 6 51 81 81 31 6 69 60 42 28 41 37 20 22 46 8 88 80 65 15 13 30 27 80 64 75 56 67 84 13 6 42 17 39 23 48 46 93 9 88 73 50 25 45 24 24 54 65 4 71 80 69 53 7 50 17 34 6 37 70 20 95 
79 39 17 77 13 22 76 15 99 83 25 0 52 73 22 58 38 27 29 70 48 35 29 98 4 64 5 41 34 77 89 47 66 76 35 3 57 68 50 30 74 98 28 78 23 51 36 13 30 18 83 78 53 13 77 57 29 34 51 63 63 40 62 29 16 49 84 25 17 34 55 44 85 83 22 60 86 59 74 16 29 9 95 82 74 24 39 3 10 42 67 73 82 29 54 50 79 38 27 48 25 34 92 62 70 67 22 56 78 48 73 7 58 20 89 32 96 80 36 58 23 55 31 57 36 37 8 15 27 35 16 4 22 60 66 92 27 41 48 5 
74 44 90 51 91 57 71 4 98 22 52 52 0 82 66 63 71 26 31 51 14 99 55 36 59 74 28 87 15 28 92 8 2 57 8 99 10 44 93 96 68 44 57 95 79 24 10 50 2 93 1 16 92 57 4 52 83 84 91 50 13 35 58 67 92 18 66 55 62 59 3 30 4 61 77 83 37 88 85 91 33 39 8 26 96 64 30 31 49 21 81 62 56 39 81 1 58 99 56 20 59 11 3 15 24 80 50 61 20 87 53 54 26 13 32 74 77 62 5 78 83 86 92 39 26 73 92 36 73 48 8 84 12 11 51 36 44 53 50 16 
59 42 81 0 18 55 11 10 74 36 74 73 82 0 43 15 46 35 51 71 36 60 55 0 71 58 36 67 11 38 84 3 93 58 22 13 13 16 15 33 15 43 37 4 15 80 20 61 67 71 32 55 31 39 55 55 97 92 74 60 82 10 64 76 69 86 41 34 54 56 67 21 51 4 26 19 36 46 32 4 69 65 11 53 56 67 60 6 11 34 18 93 45 82 21 14 21 63 0 75 71 67 97 75 24 75 94 60 21 26 16 42 43 28 95 52 47 55 10 58 42 28 3 39 63 25 5 84 40 5 11 63 72 60 90 48 35 84 9 8 
48 64 69 58 91 9 91 83 14 73 68 22 66 43 0 12 43 44 48 35 49 11 50 73 24 41 22 11 25 83 72 40 60 75 99 66 25 9 70 83 30 85 35 31 3 74 95 98 70 95 85 71 6 35 97 82 76 71 94 54 54 66 94 14 93 93 32 70 55 55 54 37 40 89 68 95 16 15 93 86 10 30 58 68 65 7 51 94 78 45 48 32 63 94 98 56 40 31 26 95 38 32 32 78 74 52 25 90 67 70 76 77 0 86 45 65 93 96 11 71 93 59 55 56 6 54 64 46 37 43 93 75 75 25 5 49 29 82 91 96 
53 89 26 92 53 47 29 39 13 21 62 58 63 15 12 0 37 37 96 26 32 89 53 60 66 10 61 95 92 53 43 96 73 68 48 31 91 69 83 62 2 11 78 95 94 51 45 83 41 42 9 25 31 14 85 98 76 47 45 20 0 89 16 73 9 64 4 52 85 40 66 88 51 45 83 45 48 80 28 41 22 89 67 6 55 52 56 31 99 1 51 99 90 67 24 0 83 29 52 68 21 19 8 72 16 43 17 64 24 97 6 46 86 73 4 93 25 60 24 77 62 27 76 4 94 1 56 29 82 61 49 3 32 58 27 48 1 96 64 25 
80 91 62 82 71 28 93 79 91 28 35 38 71 46 43 37 0 64 2 65 25 51 20 9 61 47 57 63 43 21 40 88 44 16 19 91 97 95 16 38 47 18 41 74 49 0 47 80 16 1 98 93 5 18 2 66 18 59 81 13 33 74 2 29 90 73 20 87 21 89 25 68 7 18 95 56 19 42 89 35 96 87 29 1 57 31 19 75 43 53 89 76 27 43 5 69 68 77 9 89 66 86 10 74 57 5 82 76 99 71 63 95 58 44 48 68 28 20 43 71 73 84 99 52 79 56 73 0 85 82 89 52 21 51 78 78 56 12 6 56 
1 80 46 6 42 90 34 68 69 2 65 27 26 35 44 37 64 0 26 9 9 67 13 82 19 43 60 27 56 66 83 40 87 39 86 53 43 1 47 67 59 16 68 5 84 21 31 60 47 9 22 8 77 87 90 48 31 2 75 87 68 59 79 8 50 17 61 93 18 61 12 29 77 80 35 14 1 18 26 0 80 48 9 57 36 51 5 67 54 32 6 74 43 37 82 93 54 96 38 25 57 50 54 86 82 41 0 35 12 27 36 92 27 97 49 63 48 6 82 54 90 40 81 34 29 63 27 36 59 66 61 68 68 15 55 51 57 7 86 69 
90 50 16 16 51 95 86 53 44 92 6 29 31 51 48 96 2 26 0 86 42 83 55 10 50 10 13 7 69 0 28 56 26 41 22 50 55 51 74 27 67 52 90 24 64 38 10 91 62 32 77 56 15 32 67 65 94 80 25 64 32 5 72 59 99 94 61 6 97 35 86 65 39 28 89 55 66 99 46 29 83 24 37 98 8 4 15 3 37 92 19 21 50 91 32 49 37 93 7 34 80 93 51 72 21 40 27 40 91 26 69 74 2 58 24 10 63 40 65 52 84 36 73 34 27 6 35 16 51 95 51 32 88 2 4 62 95 31 2 86 
87 66 35 1 90 82 55 25 98 22 26 70 51 71 35 26 65 9 86 0 83 75 15 71 29 19 85 24 3 39 11 12 14 24 24 96 61 98 44 91 37 45 57 65 19 57 73 51 45 45 34 28 72 50 52 1 69 37 26 24 29 89 37 43 65 61 91 78 11 36 21 0 81 78 66 52 36 39 3 33 36 37 62 8 39 66 9 61 55 87 85 84 28 74 28 93 87 71 72 98 7 45 99 40 24 65 92 12 56 95 45 92 85 59 52 24 25 13 37 81 1 23 65 81 97 45 75 85 69 99 83 76 44 34 17 20 51 61 32 7 
39 98 77 50 65 63 56 93 13 88 81 48 14 36 49 32 25 9 42 83 0 53 8 78 39 77 98 91 91 83 50 0 13 54 46 2 9 68 69 30 28 17 4 63 83 60 96 46 42 65 78 76 70 38 54 10 68 4 53 59 87 3 11 0 57 9 55 19 77 24 1 58 42 6 21 77 66 69 75 60 87 5 36 9 43 90 19 63 95 24 22 34 28 85 87 37 94 42 8 24 18 10 82 60 16 55 89 34 77 64 94 64 69 31 73 65 73 45 28 20 69 3 55 49 88 42 87 35 36 47 59 54 57 41 67 73 48 56 59 25 
87 66 94 13 57 4 25 95 41 63 31 35 99 60 11 89 51 67 83 75 53 0 22 27 22 89 52 71 98 12 96 71 66 38 17 55 5 77 65 69 69 96 2 64 34 85 47 66 7 18 34 77 99 57 56 22 98 8 93 96 20 41 19 38 31 89 45 88 66 11 57 87 59 60 51 94 45 50 12 5 68 47 34 20 56 90 42 54 98 35 3 71 28 74 61 60 63 7 48 81 70 6 68 29 66 19 75 63 70 88 68 90 35 2 10 91 44 52 97 95 39 52 18 68 79 31 80 94 90 28 76 60 86 96 90 52 68 65 68 90 
29 72 42 52 38 46 83 35 94 84 12 29 55 55 50 53 20 13 55 15 8 22 0 54 35 77 58 55 94 78 45 0 19 78 92 62 21 76 1 20 61 36 59 98 40 70 15 24 9 78 51 29 17 38 35 4 15 45 60 61 24 57 13 43 35 6 57 8 34 58 29 47 46 40 45 87 11 12 11 72 42 62 1 11 52 36 16 19 34 28 81 58 85 46 53 73 4 10 81 38 20 10 85 67 3 83 6 66 47 17 38 90 32 92 1 36 80 69 56 14 97 89 72 35 35 77 8 40 39 89 30 12 52 68 79 7 51 85 73 98 
75 83 81 98 54 37 67 34 64 23 49 98 36 0 73 60 9 82 10 71 78 27 54 0 98 87 8 49 24 33 99 30 97 92 69 4 86 96 40 49 31 91 62 3 18 10 10 70 18 10 14 20 92 22 21 90 9 82 91 33 67 90 64 64 34 85 69 20 33 61 70 64 52 32 67 70 95 29 93 65 91 59 85 83 82 7 73 43 41 64 77 8 7 93 25 41 78 46 62 11 7 32 75 12 16 94 34 11 23 79 77 15 91 14 50 25 73 24 68 14 40 97 75 47 90 52 41 68 50 3 31 9 87 6 73 55 0 8 67 76 
98 66 88 95 24 68 40 23 29 87 10 4 59 71 24 66 61 19 50 29 39 22 35 98 0 62 48 27 22 15 3 14 63 46 44 73 39 4 9 57 80 60 67 5 37 24 21 67 23 58 98 76 26 87 69 0 2 17 27 24 84 82 90 47 28 35 72 68 91 34 25 71 94 92 28 83 68 2 50 91 60 1 20 86 88 41 38 42 58 18 19 94 0 9 93 29 96 17 49 87 51 26 10 97 70 39 81 38 93 83 30 5 84 2 43 25 43 81 67 53 51 86 47 52 96 92 33 92 9 34 80 13 60 42 10 30 33 91 20 26 
65 63 37 7 24 0 74 32 89 38 71 64 74 58 41 10 47 43 10 19 77 89 77 87 62 0 24 91 72 45 17 99 47 1 10 52 27 47 51 35 51 56 95 93 7 58 32 3 7 15 8 89 30 78 84 87 58 8 30 82 5 48 81 53 1 92 57 28 91 60 64 42 16 11 35 76 21 19 79 80 34 39 22 64 69 6 4 27 66 34 62 72 34 43 77 35 87 34 16 78 46 32 72 63 43 60 91 16 79 70 97 14 61 71 30 30 77 86 9 95 73 71 67 7 67 44 95 6 30 63 37 77 95 61 92 90 21 35 6 1 
80 33 98 20 64 84 50 63 19 82 51 5 28 36 22 61 57 60 13 85 98 52 58 8 48 24 0 30 5 22 31 62 29 98 80 56 48 80 11 36 90 62 97 75 85 17 75 52 33 85 1 63 81 28 41 90 50 56 20 56 30 4 70 60 54 3 16 54 83 79 90 25 94 39 0 79 57 27 31 42 13 32 57 46 12 98 88 63 55 60 71 85 64 41 97 71 96 65 25 80 45 68 57 39 7 10 18 64 89 49 58 54 33 16 0 46 14 40 9 69 1 32 7 17 73 56 88 70 22 66 2 67 34 11 58 41 73 76 58 63 
20 54 17 23 43 29 3 35 58 44 8 41 87 67 11 95 63 27 7 24 91 71 55 49 27 91 30 0 11 77 55 40 93 24 2 78 46 63 77 9 32 97 24 86 25 61 65 61 35 14 67 78 17 44 4 83 79 23 75 42 0 30 82 45 7 36 75 53 99 52 14 84 50 39 22 75 52 87 36 87 1 55 66 70 51 22 5 30 45 81 72 97 63 6 42 70 42 18 76 94 22 90 30 72 81 52 99 34 39 87 73 92 42 91 14 45 13 19 75 10 52 99 7 68 57 50 38 0 20 66 46 42 57 76 67 38 80 66 72 71 
89 90 37 59 6 16 25 85 21 12 80 34 15 11 25 92 43 56 69 3 91 98 94 24 22 72 5 11 0 50 59 29 48 74 29 37 3 23 92 4 45 58 9 18 83 30 48 58 41 31 5 71 11 46 58 68 55 84 56 30 86 16 11 34 42 40 23 98 16 68 2 13 78 63 31 61 93 31 71 86 14 76 10 26 74 68 46 29 4 54 59 90 22 22 76 65 63 52 63 79 72 17 92 2 80 75 15 25 58 86 63 25 14 73 51 88 94 49 18 98 3 29 41 26 52 69 43 67 73 58 46 45 27 90 99 7 17 14 84 75 
0 27 62 17 80 87 80 33 98 39 49 77 28 38 83 53 21 66 0 39 83 12 78 33 15 45 22 77 50 0 10 65 8 62 84 81 18 91 0 22 68 18 82 26 76 68 37 56 49 14 10 88 90 61 54 55 59 79 90 24 40 0 42 1 14 26 34 32 69 35 55 89 5 37 67 33 58 4 90 7 19 52 96 61 13 2 16 72 34 58 49 74 58 91 75 25 69 10 57 90 97 12 79 2 2 98 35 60 3 77 67 74 29 15 35 94 70 3 67 4 62 68 30 72 59 58 97 80 20 7 70 17 19 1 71 73 99 58 33 54 
27 53 30 94 31 60 3 52 55 99 13 89 92 84 72 43 40 83 28 11 50 96 45 99 3 17 31 55 59 10 0 45 97 99 63 70 15 75 12 86 6 11 71 5 92 28 15 31 35 57 42 49 69 22 35 82 73 94 46 34 90 17 80 40 17 95 10 84 22 74 70 80 37 41 37 29 21 52 12 57 9 6 6 30 80 93 12 53 39 10 40 30 28 72 70 97 67 80 33 41 6 3 21 44 96 58 25 69 62 90 26 23 48 85 53 29 78 17 34 18 27 74 48 7 46 18 56 65 50 89 6 56 44 27 52 92 37 30 62 51 
90 96 51 86 24 10 34 6 30 17 45 47 8 3 40 96 88 40 56 12 0 71 0 30 14 99 62 40 29 65 45 0 73 24 25 98 3 75 2 52 59 28 28 17 50 63 74 94 55 97 88 37 78 91 15 86 46 85 84 31 70 34 88 43 58 13 41 13 40 96 65 99 24 93 69 27 57 95 73 64 92 62 53 70 5 68 9 51 6 93 34 28 79 74 71 89 39 64 3 80 12 20 79 89 66 0 68 75 96 41 39 40 55 93 63 60 13 72 11 71 17 97 99 97 71 22 86 11 87 41 91 51 62 22 40 80 75 8 55 71 
83 83 28 61 18 46 62 65 48 73 32 66 2 93 60 73 44 87 26 14 13 66 19 97 63 47 29 93 48 8 97 73 0 92 5 36 71 23 93 21 57 73 89 36 5 6 90 60 10 56 5 55 12 50 14 95 88 53 1 86 99 82 34 43 27 39 79 98 15 72 19 72 98 9 60 3 15 50 15 25 6 73 32 71 75 46 66 63 51 20 1 50 54 35 46 81 27 25 79 42 50 99 66 0 60 26 55 27 28 71 5 87 96 37 10 71 36 28 87 87 48 88 90 55 76 36 36 3 13 16 97 63 67 63 15 79 41 71 6 21 
18 54 8 12 5 36 91 46 60 96 21 76 57 58 75 68 16 39 41 24 54 38 78 92 46 1 98 24 74 62 99 24 92 0 54 80 73 15 69 72 64 97 72 53 64 78 18 18 69 38 34 28 3 18 6 35 65 63 56 35 79 50 99 58 5 53 90 31 68 11 3 84 8 27 89 72 6 59 91 27 49 77 8 52 95 66 39 12 30 47 99 61 50 50 19 55 3 9 86 24 20 42 60 80 21 2 53 79 13 96 7 63 73 67 67 21 33 7 85 63 54 85 24 4 87 95 12 91 56 98 67 28 92 79 9 14 81 62 93 47 
61 42 12 29 2 50 17 99 84 1 20 35 8 22 99 48 19 86 22 24 46 17 92 69 44 10 80 2 29 84 63 25 5 54 0 90 28 50 95 64 44 15 7 23 12 7 42 5 18 51 54 80 80 83 87 88 70 7 29 70 73 18 81 44 68 75 86 96 77 33 61 22 0 68 97 13 27 39 70 46 43 76 78 75 59 65 15 81 73 44 4 98 14 85 94 83 12 32 79 41 65 92 15 18 13 13 83 40 4 53 38 47 81 17 22 92 34 37 74 7 34 30 58 0 67 4 83 79 37 15 72 54 59 88 24 72 1 7 65 5 
77 92 73 82 79 22 92 48 49 49 60 3 99 13 66 31 91 53 50 96 2 55 62 4 73 52 56 78 37 81 70 98 36 80 90 0 47 4 90 16 68 8 19 62 85 75 23 66 14 15 36 20 80 12 37 84 13 27 90 22 34 5 95 45 25 61 80 72 18 70 41 86 78 60 49 63 35 72 81 1 88 17 73 68 82 11 4 95 90 46 69 25 51 16 22 76 30 2 1 48 24 42 34 54 54 83 70 90 56 51 43 44 21 17 64 3 80 20 50 70 67 20 47 70 88 21 47 18 23 0 66 99 42 1 54 48 84 24 90 92 
40 50 28 13 85 32 91 73 84 61 50 57 10 13 25 91 97 43 55 61 9 5 21 86 39 27 48 46 3 18 15 3 71 73 28 47 0 55 14 47 9 20 91 83 25 6 97 99 67 30 49 81 30 99 88 30 2 44 67 82 39 97 37 71 67 40 3 89 47 69 89 56 41 80 91 66 86 89 18 6 71 67 39 1 18 27 32 73 72 51 7 63 0 44 34 67 36 89 57 36 11 46 92 52 78 36 71 65 77 89 23 48 8 62 50 79 89 34 4 13 85 11 76 86 7 11 53 43 52 62 31 63 60 24 68 39 12 39 56 89 
71 45 90 95 56 82 57 56 18 87 55 68 44 16 9 69 95 1 51 98 68 77 76 96 4 47 80 63 23 91 75 75 23 15 50 4 55 0 27 0 82 23 11 20 47 8 14 83 62 55 71 79 75 74 9 24 46 77 32 56 50 82 99 5 69 86 50 47 92 29 47 26 4 58 47 51 18 13 34 33 68 57 64 43 32 73 67 78 51 52 86 53 86 37 58 7 23 8 54 16 89 2 94 93 12 41 45 83 54 31 16 22 89 80 18 73 6 37 3 57 41 89 62 27 79 20 34 2 81 41 70 70 95 65 16 7 58 61 42 13 
60 44 83 42 48 62 0 20 49 22 34 50 93 15 70 83 16 47 74 44 69 65 1 40 9 51 11 77 92 0 12 2 93 69 95 90 14 27 0 43 31 53 80 86 73 48 72 65 50 12 39 94 75 35 32 3 95 30 42 20 23 93 41 74 84 96 68 81 14 63 24 45 16 56 83 41 4 7 6 7 71 45 1 47 80 85 50 27 68 92 99 91 38 41 65 22 89 85 55 3 0 80 0 68 88 83 9 45 42 67 4 14 13 5 13 45 42 63 25 10 8 76 53 46 17 18 20 7 55 76 62 55 8 63 23 96 98 84 93 41 
51 35 88 37 5 4 62 14 29 15 83 30 96 33 83 62 38 67 27 91 30 69 20 49 57 35 36 9 4 22 86 52 21 72 64 16 47 0 43 0 37 4 23 5 69 17 91 53 31 35 44 21 94 42 71 64 64 69 85 23 61 98 85 3 19 65 99 11 11 44 91 0 0 15 6 70 32 97 75 15 84 71 36 79 13 59 95 78 28 32 53 90 83 38 45 2 55 44 65 18 40 57 19 40 24 25 62 56 74 89 71 10 60 59 89 74 18 37 4 98 69 57 40 52 47 85 6 55 29 24 25 69 33 96 62 57 73 76 13 47 
94 44 13 82 95 12 65 22 72 23 17 74 68 15 30 2 47 59 67 37 28 69 61 31 80 51 90 32 45 68 6 59 57 64 44 68 9 82 31 37 0 67 27 54 23 89 19 17 62 91 40 59 88 36 89 34 95 76 2 30 28 21 31 16 98 10 51 78 90 3 95 79 71 22 85 46 64 4 63 78 95 55 38 35 92 27 70 87 56 24 17 84 45 0 1 95 62 4 73 5 8 69 84 31 43 21 77 59 25 41 38 72 96 76 7 88 55 29 27 11 53 96 48 50 48 1 45 11 5 71 16 65 92 52 96 35 73 26 95 98 
91 64 34 47 60 54 34 11 18 60 35 98 44 43 85 11 18 16 52 45 17 96 36 91 60 56 62 97 58 18 11 28 73 97 15 8 20 23 53 4 67 0 17 44 44 84 77 77 49 20 68 32 80 76 60 91 32 23 28 15 33 62 16 80 71 85 40 13 62 68 14 27 33 83 23 77 20 0 7 69 73 27 53 5 55 65 48 87 40 76 54 73 91 71 5 14 8 45 27 23 66 41 50 51 76 73 80 48 26 87 69 99 66 75 56 21 40 4 61 81 81 15 6 24 38 64 38 47 9 65 22 27 58 72 78 86 97 11 35 23 
82 74 5 66 18 78 38 82 29 51 8 28 57 37 35 78 41 68 90 57 4 2 59 62 67 95 97 24 9 82 71 28 89 72 7 19 91 11 80 23 27 17 0 86 3 27 44 30 57 0 19 4 79 36 61 29 35 53 29 93 79 53 1 62 3 79 77 83 95 63 51 14 55 86 1 10 14 45 40 23 97 60 80 76 48 41 58 83 94 87 28 26 92 29 40 95 60 69 79 55 85 82 70 40 68 71 2 82 68 94 58 17 6 38 94 54 79 52 89 26 91 17 52 84 99 44 79 59 14 10 15 99 44 37 91 13 60 45 47 80 
69 88 55 85 86 21 36 27 23 45 69 78 95 4 31 95 74 5 24 65 63 64 98 3 5 93 75 86 18 26 5 17 36 53 23 62 83 20 86 5 54 44 86 0 12 64 64 13 19 86 33 36 27 51 97 5 61 72 43 67 46 61 13 25 77 5 0 36 2 50 90 92 5 84 46 17 48 11 83 19 49 16 55 77 19 53 82 80 77 26 0 23 39 13 48 16 71 49 4 25 51 47 69 9 31 16 78 31 27 13 51 28 81 58 5 1 63 40 33 40 18 33 15 57 99 64 74 70 65 78 95 68 25 16 77 8 32 8 40 59 
2 6 68 47 30 10 97 74 44 49 9 23 79 15 3 94 49 84 64 19 83 34 40 18 37 7 85 25 83 76 92 50 5 64 12 85 25 47 73 69 23 44 3 12 0 95 39 76 82 35 82 51 78 57 46 89 61 2 81 25 97 85 10 88 28 51 28 69 99 37 96 89 3 30 54 91 25 45 19 59 32 2 10 62 11 57 52 24 11 33 49 8 70 59 96 99 62 76 20 14 65 68 55 69 98 62 60 75 59 31 34 92 85 45 54 96 54 58 20 65 92 69 25 14 81 22 13 95 50 86 61 16 54 17 85 5 31 97 80 90 
82 39 26 24 61 87 29 65 43 24 29 51 24 80 74 51 0 21 38 57 60 85 70 10 24 58 17 61 30 68 28 63 6 78 7 75 6 8 48 17 89 84 27 64 95 0 33 20 37 70 5 46 68 6 62 36 96 83 34 83 85 75 3 53 99 88 82 15 88 80 79 75 10 87 19 48 52 52 68 41 74 74 40 42 32 2 30 29 38 65 64 23 40 67 28 91 56 62 59 44 43 38 20 53 77 91 1 82 95 21 75 69 95 15 63 80 18 94 9 56 11 73 31 51 41 59 95 49 74 54 45 17 44 65 70 74 8 23 56 3 
22 29 33 77 40 68 17 66 36 66 83 36 10 20 95 45 47 31 10 73 96 47 15 10 21 32 75 65 48 37 15 74 90 18 42 23 97 14 72 91 19 77 44 64 39 33 0 88 59 7 85 8 53 48 2 17 32 22 41 92 50 16 44 62 16 40 72 56 8 52 78 57 60 45 16 29 9 23 69 20 83 54 28 88 2 31 57 87 5 98 79 56 67 75 18 35 67 42 92 75 94 70 84 7 16 0 36 77 76 5 49 11 59 77 99 14 60 9 53 66 7 84 74 26 11 92 62 78 86 54 53 81 76 89 40 44 89 76 73 65 
34 50 30 81 1 38 90 53 35 77 97 13 50 61 98 83 80 60 91 51 46 66 24 70 67 3 52 61 58 56 31 94 60 18 5 66 99 83 65 53 17 77 30 13 76 20 88 0 99 94 43 42 39 11 62 74 19 78 50 3 67 43 72 83 65 37 47 15 13 76 6 53 83 94 96 94 56 49 54 56 43 49 98 83 60 12 9 79 90 59 34 10 2 58 93 68 96 93 35 61 69 42 66 4 88 62 50 44 12 57 52 55 6 51 38 19 63 99 50 6 58 37 16 13 95 61 33 43 54 68 57 75 62 23 31 2 86 82 47 98 
84 71 25 82 55 77 16 86 13 79 94 30 2 67 70 41 16 47 62 45 42 7 9 18 23 7 33 35 41 49 35 55 10 69 18 14 67 62 50 31 62 49 57 19 82 37 59 99 0 99 2 10 7 41 45 39 12 34 8 69 71 76 65 59 97 11 53 66 77 66 78 14 54 97 59 87 34 59 77 72 11 79 82 18 20 79 9 85 13 70 54 36 46 72 47 95 35 1 61 12 67 91 78 21 40 37 60 75 48 37 99 59 16 33 30 89 12 91 26 77 61 80 14 7 52 61 2 87 62 15 51 81 59 81 3 99 18 15 26 19 
12 31 49 93 43 63 56 71 81 58 42 18 93 71 95 42 1 9 32 45 65 18 78 10 58 15 85 14 31 14 57 97 56 38 51 15 30 55 12 35 91 20 0 86 35 70 7 94 99 0 26 83 99 1 33 97 80 87 66 26 15 53 25 20 71 97 84 98 32 23 76 8 61 68 52 18 33 70 2 74 53 28 57 53 29 43 2 61 30 68 87 97 74 64 17 97 62 54 47 46 77 24 54 38 44 59 8 30 81 10 4 35 90 13 40 20 8 42 33 90 63 21 87 89 85 57 86 99 11 34 98 88 10 4 78 6 63 39 36 45 
73 16 66 34 43 72 46 78 85 52 23 83 1 32 85 9 98 22 77 34 78 34 51 14 98 8 1 67 5 10 42 88 5 34 54 36 49 71 39 44 40 68 19 33 82 5 85 43 2 26 0 57 60 89 14 70 24 29 44 98 81 14 73 74 17 89 76 43 16 41 88 41 63 67 37 82 16 36 2 78 91 86 35 52 75 49 22 99 30 18 49 12 33 23 86 2 12 62 45 80 56 86 74 71 5 11 53 21 47 55 51 39 94 86 43 69 87 17 21 17 36 22 29 21 45 67 23 9 82 20 90 38 6 64 61 11 27 67 84 74 
23 21 2 33 72 92 72 79 78 67 28 78 16 55 71 25 93 8 56 28 76 77 29 20 76 89 63 78 71 88 49 37 55 28 80 20 81 79 94 21 59 32 4 36 51 46 8 42 10 83 57 0 75 59 42 25 75 95 51 11 84 3 69 60 72 47 62 54 16 77 62 47 25 88 16 85 1 16 76 24 9 32 30 36 43 72 61 71 67 64 82 3 19 51 64 44 98 26 98 14 55 61 14 81 1 30 66 55 47 95 79 8 27 61 96 23 34 57 94 53 74 76 57 93 79 73 37 29 51 36 44 7 49 10 40 2 40 6 57 39 
51 97 95 58 52 67 81 18 22 73 73 53 92 31 6 31 5 77 15 72 70 99 17 92 26 30 81 17 11 90 69 78 12 3 80 80 30 75 75 94 88 80 79 27 78 68 53 39 7 99 60 75 0 58 35 26 32 36 11 17 95 87 4 43 11 71 94 31 47 29 55 72 6 59 28 82 87 88 82 25 39 57 61 73 67 48 51 52 84 14 69 80 1 73 75 13 97 69 96 44 98 51 68 56 62 96 38 49 37 72 74 76 30 87 1 97 87 52 49 72 66 19 4 68 92 79 33 89 49 29 85 99 80 6 56 95 54 46 44 91 
54 40 8 87 33 18 81 66 79 36 88 13 57 39 35 14 18 87 32 50 38 57 38 22 87 78 28 44 46 61 22 91 50 18 83 12 99 74 35 42 36 76 36 51 57 6 48 11 41 1 89 59 58 0 54 73 10 8 28 70 6 27 2 28 45 86 12 37 69 94 7 56 46 18 62 76 93 84 11 13 14 53 60 87 49 66 61 59 74 41 82 33 20 84 61 18 22 73 7 92 67 15 48 65 85 63 93 78 99 56 43 13 10 56 1 11 22 14 23 97 7 5 82 28 41 43 98 63 68 5 7 87 20 8 4 5 71 97 35 70 
50 5 35 31 26 81 91 13 42 42 77 77 4 55 97 85 2 90 67 52 54 56 35 21 69 84 41 4 58 54 35 15 14 6 87 37 88 9 32 71 89 60 61 97 46 62 2 62 45 33 14 42 35 54 0 6 33 89 64 81 0 44 34 94 11 6 75 15 10 70 26 19 75 46 92 72 9 16 57 59 60 98 7 31 85 73 37 18 63 53 99 15 49 85 10 61 44 37 28 54 7 54 25 82 53 17 55 62 86 64 21 46 14 81 30 99 54 19 18 17 73 69 85 74 7 95 87 51 84 68 57 92 74 82 26 27 52 33 89 38 
2 16 36 53 28 88 74 41 51 61 35 57 52 55 82 98 66 48 65 1 10 22 4 90 0 87 90 83 68 55 82 86 95 35 88 84 30 24 3 64 34 91 29 5 89 36 17 74 39 97 70 25 26 73 6 0 95 77 21 87 65 68 30 17 3 85 12 5 56 58 45 61 72 96 69 91 37 92 62 54 29 22 65 36 10 47 0 57 24 21 44 41 41 26 10 44 63 23 2 19 81 47 80 6 96 2 97 85 94 12 39 23 34 4 11 44 51 11 53 27 84 49 21 25 76 31 22 39 54 24 59 88 71 91 94 19 93 43 4 40 
19 4 98 94 58 70 55 50 68 75 59 29 83 97 76 76 18 31 94 69 68 98 15 9 2 58 50 79 55 59 73 46 88 65 70 13 2 46 95 64 95 32 35 61 61 96 32 19 12 80 24 75 32 10 33 95 0 0 0 8 50 44 87 48 55 60 95 41 19 49 69 20 35 73 13 78 29 22 60 11 90 85 44 25 93 51 70 81 52 71 89 54 67 28 3 22 89 50 15 60 99 84 32 87 9 45 17 38 19 77 50 9 63 94 35 8 98 57 89 2 80 30 8 47 10 11 69 99 13 36 11 65 73 43 52 82 40 21 73 11 
30 90 86 4 43 65 93 76 13 77 80 34 84 92 71 47 59 2 80 37 4 8 45 82 17 8 56 23 84 79 94 85 53 63 7 27 44 77 30 69 76 23 53 72 2 83 22 78 34 87 29 95 36 8 89 77 0 0 88 61 25 58 60 40 0 73 25 3 8 29 23 53 6 45 94 14 12 39 67 51 90 27 45 59 63 19 41 75 9 82 88 34 40 0 27 40 74 52 43 82 33 18 87 39 15 81 5 80 20 24 31 10 3 76 21 66 47 63 93 56 97 81 43 37 82 70 77 8 22 73 90 7 43 77 98 59 58 56 39 31 
22 70 53 28 72 17 77 76 62 57 95 51 91 74 94 45 81 75 25 26 53 93 60 91 27 30 20 75 56 90 46 84 1 56 29 90 67 32 42 85 2 28 29 43 81 34 41 50 8 66 44 51 11 28 64 21 0 88 0 1 80 59 88 14 84 59 98 73 33 80 43 2 67 93 1 52 6 12 7 17 94 4 47 37 52 42 19 99 59 50 53 39 61 41 6 46 53 56 71 38 88 66 40 56 59 94 60 18 58 67 87 4 23 86 41 76 29 13 27 88 15 80 79 29 74 85 27 27 94 98 17 82 16 57 90 76 3 2 46 61 
60 46 35 5 16 87 32 88 41 39 91 63 50 60 54 20 13 87 64 24 59 96 61 33 24 82 56 42 30 24 34 31 86 35 70 22 82 56 20 23 30 15 93 67 25 83 92 3 69 26 98 11 17 70 81 87 8 61 1 0 87 16 66 13 63 13 6 22 86 53 56 59 88 82 66 44 81 81 6 27 82 72 70 38 25 28 56 6 79 42 19 19 10 86 32 25 51 90 47 89 43 56 49 84 38 67 28 71 48 87 98 30 11 69 69 88 49 77 47 28 71 66 99 33 4 31 58 8 22 58 49 17 14 50 1 4 18 82 76 66 
83 17 0 73 23 5 26 61 11 16 81 63 13 82 54 0 33 68 32 29 87 20 24 67 84 5 30 0 86 40 90 70 99 79 73 34 39 50 23 61 28 33 79 46 97 85 50 67 71 15 81 84 95 6 0 65 50 25 80 87 0 34 31 9 22 72 1 81 85 42 38 67 7 18 35 49 48 98 99 44 64 31 60 82 67 61 56 3 56 50 79 21 84 10 30 7 34 84 40 20 78 30 87 85 48 22 35 49 72 34 93 36 18 53 18 85 66 74 40 22 77 19 95 61 82 78 20 16 62 12 88 40 43 75 77 43 49 12 44 21 
1 23 36 75 55 29 32 29 69 56 9 40 35 10 66 89 74 59 5 89 3 41 57 90 82 48 4 30 16 0 17 34 82 50 18 5 97 82 93 98 21 62 53 61 85 75 16 43 76 53 14 3 87 27 44 68 44 58 59 16 34 0 55 1 13 33 55 10 65 72 61 44 77 48 40 66 32 89 17 34 54 92 65 76 87 22 82 75 51 23 74 45 19 81 98 84 67 53 94 32 77 7 28 54 8 21 72 40 10 89 74 16 33 40 44 20 14 26 48 65 49 22 10 20 55 8 4 22 61 50 7 39 58 87 45 66 8 18 58 70 
50 43 38 43 40 49 66 94 23 9 36 62 58 64 94 16 2 79 72 37 11 19 13 64 90 81 70 82 11 42 80 88 34 99 81 95 37 99 41 85 31 16 1 13 10 3 44 72 65 25 73 69 4 2 34 30 87 60 88 66 31 55 0 8 15 73 94 31 89 72 8 19 5 47 36 5 70 96 78 32 73 43 36 75 87 40 89 6 10 76 24 8 9 99 68 24 72 63 7 62 87 67 33 92 15 69 97 37 65 28 21 90 71 57 66 58 97 55 17 59 83 93 19 45 92 88 69 64 3 77 78 42 44 11 86 11 80 84 48 97 
18 53 29 34 93 51 88 26 59 89 14 29 67 76 14 73 29 8 59 43 0 38 43 64 47 53 60 45 34 1 40 43 43 58 44 45 71 5 74 3 16 80 62 25 88 53 62 83 59 20 74 60 43 28 94 17 48 40 14 13 9 1 8 0 32 76 69 18 43 97 18 77 16 67 19 45 10 13 72 69 24 52 20 81 27 60 1 84 4 60 10 98 64 17 66 96 46 35 14 89 84 85 19 1 52 38 98 15 52 71 84 76 23 4 9 3 16 11 87 20 23 49 70 87 66 36 35 12 23 50 54 8 35 73 61 39 63 59 54 15 
20 30 44 87 61 66 75 27 30 4 82 16 92 69 93 9 90 50 99 65 57 31 35 34 28 1 54 7 42 14 17 58 27 5 68 25 67 69 84 19 98 71 3 77 28 99 16 65 97 71 17 72 11 45 11 3 55 0 84 63 22 13 15 32 0 50 22 1 49 27 16 1 19 74 1 69 15 69 12 74 69 77 54 7 68 42 4 97 28 80 76 16 97 87 0 56 37 75 58 39 54 26 40 74 0 93 95 15 63 59 41 84 37 48 92 5 90 48 54 70 80 82 87 78 69 39 34 7 14 44 98 69 70 38 95 22 31 90 37 46 
64 85 50 25 42 0 83 93 8 10 57 49 18 86 93 64 73 17 94 61 9 89 6 85 35 92 3 36 40 26 95 13 39 53 75 61 40 86 96 65 10 85 79 5 51 88 40 37 11 97 89 47 71 86 6 85 60 73 59 13 72 33 73 76 50 0 64 20 20 98 40 51 24 67 66 81 85 86 7 23 70 18 34 16 87 32 10 56 97 92 67 65 3 75 15 80 65 79 0 37 30 92 40 54 12 59 35 97 45 43 72 68 13 6 84 0 90 47 56 39 39 76 4 42 51 20 74 68 51 27 57 81 19 97 88 83 56 75 80 54 
96 45 54 68 24 73 33 26 60 90 74 84 66 41 32 4 20 61 61 91 55 45 57 69 72 57 16 75 23 34 10 41 79 90 86 80 3 50 68 99 51 40 77 0 28 82 72 47 53 84 76 62 94 12 75 12 95 25 98 6 1 55 94 69 22 64 0 98 41 59 53 46 56 9 25 49 59 79 64 27 74 99 44 21 44 28 19 31 64 72 91 32 38 44 41 91 72 48 90 13 60 95 12 68 4 89 17 16 68 81 43 94 32 39 68 76 68 87 59 32 60 3 17 50 99 58 42 71 58 84 85 70 79 97 38 36 38 8 52 6 
60 80 72 52 98 50 66 0 14 65 32 25 55 34 70 52 87 93 6 78 19 88 8 20 68 28 54 53 98 32 84 13 98 31 96 72 89 47 81 11 78 13 83 36 69 15 56 15 66 98 43 54 31 37 15 5 41 3 73 22 81 10 31 18 1 20 98 0 6 80 81 40 86 6 95 0 54 18 80 67 80 86 81 23 91 76 40 34 39 24 71 74 30 47 30 11 37 44 88 95 25 21 87 63 28 82 63 34 0 43 2 33 81 83 56 24 11 48 58 50 72 81 25 54 29 7 17 18 51 5 14 28 79 1 91 7 36 54 41 36 
35 82 92 20 51 82 92 50 78 98 64 17 62 54 55 85 21 18 97 11 77 66 34 33 91 91 83 99 16 69 22 40 15 68 77 18 47 92 14 11 90 62 95 2 99 88 8 13 77 32 16 16 47 69 10 56 19 8 33 86 85 65 89 43 49 20 41 6 0 26 84 11 8 4 26 64 86 70 49 91 61 19 81 66 49 82 86 32 53 9 26 41 72 29 88 95 73 77 62 69 4 46 80 12 2 6 29 89 76 30 32 89 49 13 56 99 47 94 83 53 56 10 94 28 39 82 75 64 59 37 33 63 83 13 28 38 71 9 27 99 
8 90 90 10 72 36 85 99 10 65 60 34 59 56 55 40 89 61 35 36 24 11 58 61 34 60 79 52 68 35 74 96 72 11 33 70 69 29 63 44 3 68 63 50 37 80 52 76 66 23 41 77 29 94 70 58 49 29 80 53 42 72 72 97 27 98 59 80 26 0 43 90 14 44 41 21 24 21 33 59 95 59 90 47 65 2 44 79 31 57 11 58 90 52 45 27 91 65 21 68 44 65 11 10 9 52 83 33 74 16 44 21 27 34 68 92 88 13 24 20 22 35 30 12 40 75 91 31 40 13 52 36 78 63 46 87 15 81 72 41 
63 15 60 89 3 6 81 15 43 80 15 55 3 67 54 66 25 12 86 21 1 57 29 70 25 64 90 14 2 55 70 65 19 3 61 41 89 47 24 91 95 14 51 90 96 79 78 6 78 76 88 62 55 7 26 45 69 23 43 56 38 61 8 18 16 40 53 81 84 43 0 98 67 3 60 69 39 0 87 2 44 17 56 50 93 31 27 16 63 44 16 80 94 95 93 92 30 9 20 0 71 74 99 90 30 11 59 21 11 46 75 8 63 83 58 8 15 37 24 30 34 40 10 80 35 3 72 18 64 44 70 35 71 69 25 1 33 84 74 96 
81 27 57 54 46 46 10 24 3 21 82 44 30 21 37 88 68 29 65 0 58 87 47 64 71 42 25 84 13 89 80 99 72 84 22 86 56 26 45 0 79 27 14 92 89 75 57 53 14 8 41 47 72 56 19 61 20 53 2 59 67 44 19 77 1 51 46 40 11 90 98 0 29 67 96 79 5 19 75 86 72 84 6 76 94 37 53 30 32 36 30 64 69 79 37 14 23 35 84 70 59 83 5 40 50 53 19 55 73 46 93 97 30 52 25 76 41 78 7 73 14 89 90 35 68 27 1 43 14 85 65 73 21 23 13 71 76 32 79 1 
99 54 24 57 84 90 71 10 80 77 47 85 4 51 40 51 7 77 39 81 42 59 46 52 94 16 94 50 78 5 37 24 98 8 0 78 41 4 16 0 71 33 55 5 3 10 60 83 54 61 63 25 6 46 75 72 35 6 67 88 7 77 5 16 19 24 56 86 8 14 67 29 0 20 33 82 50 10 20 37 40 36 21 89 56 73 28 89 15 85 22 78 15 84 36 67 87 16 65 73 88 14 88 49 35 22 31 37 84 3 74 76 91 48 65 48 73 45 89 40 30 11 18 97 95 6 64 34 22 29 8 11 96 96 60 83 70 43 20 6 
98 41 18 7 73 84 19 49 24 83 76 83 61 4 89 45 18 80 28 78 6 60 40 32 92 11 39 39 63 37 41 93 9 27 68 60 80 58 56 15 22 83 86 84 30 87 45 94 97 68 67 88 59 18 46 96 73 45 93 82 18 48 47 67 74 67 9 6 4 44 3 67 20 0 36 52 87 57 64 72 49 35 31 74 80 60 79 8 43 35 18 52 48 55 30 2 13 76 47 29 58 80 35 36 76 23 89 63 80 53 87 82 40 18 8 20 79 87 81 74 74 99 27 22 6 9 24 19 38 23 0 96 55 87 85 31 11 26 47 43 
50 67 12 39 85 68 98 51 26 66 3 22 77 26 68 83 95 35 89 66 21 51 45 67 28 35 0 22 31 67 37 69 60 89 97 49 91 47 83 6 85 23 1 46 54 19 16 96 59 52 37 16 28 62 92 69 13 94 1 66 35 40 36 19 1 66 25 95 26 41 60 96 33 36 0 18 88 63 3 95 35 26 28 60 34 41 25 12 66 46 87 6 66 42 91 11 95 83 69 86 14 62 43 93 92 39 11 32 2 15 28 37 93 8 97 27 1 74 39 67 73 79 73 39 73 16 2 68 52 72 6 66 86 49 59 79 88 23 11 42 
53 12 92 56 15 52 69 84 24 26 9 60 83 19 95 45 56 14 55 52 77 94 87 70 83 76 79 75 61 33 29 27 3 72 13 63 66 51 41 70 46 77 10 17 91 48 29 94 87 18 82 85 82 76 72 91 78 14 52 44 49 66 5 45 69 81 49 0 64 21 69 79 82 52 18 0 51 94 28 64 72 61 26 33 76 73 79 38 36 46 70 77 82 9 89 65 42 27 28 32 44 78 32 62 43 27 27 94 21 8 10 45 69 89 30 97 62 9 88 98 8 58 28 90 67 17 7 61 97 87 46 93 65 30 55 8 57 35 54 31 
80 32 96 31 35 23 1 14 68 8 5 86 37 36 16 48 19 1 66 36 66 45 11 95 68 21 57 52 93 58 21 57 15 6 27 35 86 18 4 32 64 20 14 48 25 52 9 56 34 33 16 1 87 93 9 37 29 12 6 81 48 32 70 10 15 85 59 54 86 24 39 5 50 87 88 51 0 65 98 72 22 34 94 17 80 50 84 40 47 82 53 40 92 10 98 96 27 23 53 65 87 86 31 10 77 83 87 44 48 85 17 70 71 11 39 51 61 23 43 8 5 96 0 50 58 98 46 85 73 51 51 13 38 34 23 67 17 62 12 65 
25 97 45 68 77 36 16 69 14 84 39 59 88 46 15 80 42 18 99 39 69 50 12 29 2 19 27 87 31 4 52 95 50 59 39 72 89 13 7 97 4 0 45 11 45 52 23 49 59 70 36 16 88 84 16 92 22 39 12 81 98 89 96 13 69 86 79 18 70 21 0 19 10 57 63 94 65 0 51 24 94 93 59 83 39 91 71 65 39 29 32 16 24 94 51 41 73 35 60 44 28 80 79 91 60 95 91 60 19 95 36 66 40 47 1 80 38 72 97 29 53 81 46 30 75 49 23 0 36 83 97 64 64 28 7 76 23 51 36 95 
87 62 75 89 68 42 59 37 11 4 6 74 85 32 93 28 89 26 46 3 75 12 11 93 50 79 31 36 71 90 12 73 15 91 70 81 18 34 6 75 63 7 40 83 19 68 69 54 77 2 2 76 82 11 57 62 60 67 7 6 99 17 78 72 12 7 64 80 49 33 87 75 20 64 3 28 98 51 0 78 88 14 7 92 19 33 2 27 32 89 87 87 53 99 26 55 52 69 8 61 29 99 97 95 24 6 9 1 16 60 31 4 74 38 48 94 24 50 73 56 92 60 95 45 11 21 52 63 43 12 76 72 63 74 67 87 80 29 40 49 
64 3 73 66 42 52 17 0 33 39 51 16 91 4 86 41 35 0 29 33 60 5 72 65 91 80 42 87 86 7 57 64 25 27 46 1 6 33 7 15 78 69 23 19 59 41 20 56 72 74 78 24 25 13 59 54 11 51 17 27 44 34 32 69 74 23 27 67 91 59 2 86 37 72 95 64 72 24 78 0 11 23 80 79 81 45 25 37 76 80 18 13 41 19 29 67 56 36 10 90 22 32 8 79 29 59 98 51 52 92 45 63 15 77 95 96 22 72 85 50 52 56 15 93 75 96 60 83 33 23 73 7 7 34 86 37 93 36 88 45 
89 28 46 13 72 52 24 92 47 94 81 29 33 69 10 22 96 80 83 36 87 68 42 91 60 34 13 1 14 19 9 92 6 49 43 88 71 68 71 84 95 73 97 49 32 74 83 43 11 53 91 9 39 14 60 29 90 90 94 82 64 54 73 24 69 70 74 80 61 95 44 72 40 49 35 72 22 94 88 11 0 94 5 98 46 34 42 26 72 39 72 60 34 12 83 37 94 57 60 9 65 78 39 98 23 21 6 78 69 91 27 79 86 33 29 84 67 71 62 91 62 35 51 97 99 34 86 93 43 46 54 8 24 93 6 0 67 64 78 36 
12 79 93 24 64 66 57 68 96 56 81 9 39 65 30 89 87 48 24 37 5 47 62 59 1 39 32 55 76 52 6 62 73 77 76 17 67 57 45 71 55 27 60 16 2 74 54 49 79 28 86 32 57 53 98 22 85 27 4 72 31 92 43 52 77 18 99 86 19 59 17 84 36 35 26 61 34 93 14 23 94 0 36 88 61 37 72 8 28 47 21 91 51 10 28 50 71 84 43 84 18 99 95 78 0 35 72 80 31 85 6 8 51 94 96 12 32 20 20 12 67 93 4 70 4 84 73 27 20 16 63 39 15 11 69 68 46 41 48 78 
39 77 28 99 15 96 41 79 11 58 31 95 8 11 58 67 29 9 37 62 36 34 1 85 20 22 57 66 10 96 6 53 32 8 78 73 39 64 1 36 38 53 80 55 10 40 28 98 82 57 35 30 61 60 7 65 44 45 47 70 60 65 36 20 54 34 44 81 81 90 56 6 21 31 28 26 94 59 7 80 5 36 0 33 95 9 17 79 47 16 75 10 13 13 1 42 72 73 40 0 59 61 59 8 84 14 75 3 27 44 41 97 77 38 82 24 47 99 3 94 67 78 4 81 92 57 75 16 30 15 68 41 28 27 2 12 41 77 68 20 
41 78 94 72 25 71 5 10 70 68 6 82 26 53 68 6 1 57 98 8 9 20 11 83 86 64 46 70 26 61 30 70 71 52 75 68 1 43 47 79 35 5 76 77 62 42 88 83 18 53 52 36 73 87 31 36 25 59 37 38 82 76 75 81 7 16 21 23 66 47 50 76 89 74 60 33 17 83 92 79 98 88 33 0 65 39 51 81 72 88 6 16 8 15 78 80 9 11 8 11 8 49 5 66 71 94 32 83 37 63 65 53 98 12 77 16 3 80 97 28 20 55 44 29 22 74 9 31 85 69 95 93 19 0 12 42 46 96 77 35 
66 71 53 63 97 84 38 86 75 44 69 74 96 56 65 55 57 36 8 39 43 56 52 82 88 69 12 51 74 13 80 5 75 95 59 82 18 32 80 13 92 55 48 19 11 32 2 60 20 29 75 43 67 49 85 10 93 63 52 25 67 87 87 27 68 87 44 91 49 65 93 94 56 80 34 76 80 39 19 81 46 61 95 65 0 43 61 66 96 73 95 22 6 40 67 1 63 39 29 89 0 88 45 41 51 63 51 19 98 93 57 40 60 46 24 0 89 86 66 37 11 14 59 69 6 79 22 21 18 52 10 19 92 8 12 43 71 63 15 21 
90 34 63 82 93 30 85 44 5 1 60 24 64 67 7 52 31 51 4 66 90 90 36 7 41 6 98 22 68 2 93 68 46 66 65 11 27 73 85 59 27 65 41 53 57 2 31 12 79 43 49 72 48 66 73 47 51 19 42 28 61 22 40 60 42 32 28 76 82 2 31 37 73 60 41 73 50 91 33 45 34 37 9 39 43 0 26 10 64 91 39 66 52 29 34 79 2 38 64 77 90 34 95 88 29 57 92 13 75 90 18 83 46 31 24 32 82 2 94 46 93 33 64 97 14 51 77 68 41 41 98 32 75 93 20 56 51 12 21 26 
43 46 30 77 53 11 79 51 73 81 42 39 30 60 51 56 19 5 15 9 19 42 16 73 38 4 88 5 46 16 12 9 66 39 15 4 32 67 50 95 70 48 58 82 52 30 57 9 9 2 22 61 51 61 37 0 70 41 19 56 56 82 89 1 4 10 19 40 86 44 27 53 28 79 25 79 84 71 2 25 42 72 17 51 61 26 0 91 49 61 86 30 66 67 65 56 35 77 68 74 22 43 64 59 66 71 57 72 25 41 73 26 71 70 69 0 51 0 44 0 13 82 31 31 49 48 87 36 25 8 10 99 3 74 59 22 97 68 94 75 
37 75 51 9 7 7 45 36 95 19 28 3 31 6 94 31 75 67 3 61 63 54 19 43 42 27 63 30 29 72 53 51 63 12 81 95 73 78 27 78 87 87 83 80 24 29 87 79 85 61 99 71 52 59 18 57 81 75 99 6 3 75 6 84 97 56 31 34 32 79 16 30 89 8 12 38 40 65 27 37 26 8 79 81 66 10 91 0 60 3 40 70 15 79 92 38 46 67 49 73 89 67 93 54 84 66 86 71 8 63 40 18 90 58 7 68 50 60 13 62 63 53 33 79 85 77 69 83 96 18 56 85 37 1 91 73 68 77 44 28 
72 24 1 86 36 95 78 72 18 78 41 10 49 11 78 99 43 54 37 55 95 98 34 41 58 66 55 45 4 34 39 6 51 30 73 90 72 51 68 28 56 40 94 77 11 38 5 90 13 30 30 67 84 74 63 24 52 9 59 79 56 51 10 4 28 97 64 39 53 31 63 32 15 43 66 36 47 39 32 76 72 28 47 72 96 64 49 60 0 15 67 45 63 63 23 13 16 97 21 80 14 8 77 38 56 81 13 75 54 61 6 38 53 47 40 44 43 11 37 9 27 5 54 90 68 29 3 36 27 76 69 93 37 98 83 93 31 48 20 85 
17 68 35 58 25 29 9 80 87 90 37 42 21 34 45 1 53 32 92 87 24 35 28 64 18 34 60 81 54 58 10 93 20 47 44 46 51 52 92 32 24 76 87 26 33 65 98 59 70 68 18 64 14 41 53 21 71 82 50 42 50 23 76 60 80 92 72 24 9 57 44 36 85 35 46 46 82 29 89 80 39 47 16 88 73 91 61 3 15 0 4 15 60 85 34 68 13 83 69 0 32 90 93 6 86 1 41 8 95 99 3 92 23 54 23 53 27 71 9 82 52 13 49 64 50 35 85 15 19 54 16 3 96 61 62 34 62 3 42 57 
97 22 38 15 23 46 77 24 37 11 20 67 81 18 48 51 89 6 19 85 22 3 81 77 19 62 71 72 59 49 40 34 1 99 4 69 7 86 99 53 17 54 28 0 49 64 79 34 54 87 49 82 69 82 99 44 89 88 53 19 79 74 24 10 76 67 91 71 26 11 16 30 22 18 87 70 53 32 87 18 72 21 75 6 95 39 86 40 67 4 0 85 85 10 81 85 21 64 38 46 66 50 33 5 19 93 44 63 36 35 35 95 0 91 61 63 85 95 65 61 66 97 46 4 59 79 89 80 43 79 78 61 81 12 18 1 5 62 16 93 
55 41 2 59 11 0 4 33 82 46 22 73 62 93 32 99 76 74 21 84 34 71 58 8 94 72 85 97 90 74 30 28 50 61 98 25 63 53 91 90 84 73 26 23 8 23 56 10 36 97 12 3 80 33 15 41 54 34 39 19 21 45 8 98 16 65 32 74 41 58 80 64 78 52 6 77 40 16 87 13 60 91 10 16 22 66 30 70 45 15 85 0 57 94 1 67 96 87 34 79 0 7 25 85 54 14 83 43 87 15 91 18 95 87 55 1 4 16 79 69 17 86 79 26 33 32 93 81 19 80 60 71 39 37 56 94 52 39 89 91 
18 43 23 33 33 10 41 61 9 98 46 82 56 45 63 90 27 43 50 28 28 28 85 7 0 34 64 63 22 58 28 79 54 50 14 51 0 86 38 83 45 91 92 39 70 40 67 2 46 74 33 19 1 20 49 41 67 40 61 10 84 19 9 64 97 3 38 30 72 90 94 69 15 48 66 82 92 24 53 41 34 51 13 8 6 52 66 15 63 60 85 57 0 84 80 99 75 81 61 32 96 27 89 66 99 21 73 7 87 20 27 30 91 67 48 32 75 88 3 95 89 54 12 41 38 92 40 66 73 53 98 69 32 39 87 31 61 60 38 0 
0 17 77 10 63 95 96 70 60 20 8 29 39 82 94 67 43 37 91 74 85 74 46 93 9 43 41 6 22 91 72 74 35 50 85 16 44 37 41 38 0 71 29 13 59 67 75 58 72 64 23 51 73 84 85 26 28 0 41 86 10 81 99 17 87 75 44 47 29 52 95 79 84 55 42 9 10 94 99 19 12 10 13 15 40 29 67 79 63 85 10 94 84 0 44 57 0 80 12 75 31 29 86 56 17 95 75 29 8 99 60 50 63 59 90 76 53 42 84 8 26 90 72 68 85 69 26 86 1 90 13 32 19 51 40 36 46 16 17 6 
26 94 83 46 57 3 45 11 41 87 88 54 81 21 98 24 5 82 32 28 87 61 53 25 93 77 97 42 76 75 70 71 46 19 94 22 34 58 65 45 1 5 40 48 96 28 18 93 47 17 86 64 75 61 10 10 3 27 6 32 30 98 68 66 0 15 41 30 88 45 93 37 36 30 91 89 98 51 26 29 83 28 1 78 67 34 65 92 23 34 81 1 80 44 0 78 19 50 70 15 67 92 54 78 59 20 7 63 36 99 12 62 52 15 25 96 46 0 54 68 10 15 60 86 86 32 16 58 82 39 25 1 31 79 31 43 51 39 6 87 
38 73 67 20 94 28 69 88 39 2 80 50 1 14 56 0 69 93 49 93 37 60 73 41 29 35 71 70 65 25 97 89 81 55 83 76 67 7 22 2 95 14 95 16 99 91 35 68 95 97 2 44 13 18 61 44 22 40 46 25 7 84 24 96 56 80 91 11 95 27 92 14 67 2 11 65 96 41 55 67 37 50 42 80 1 79 56 38 13 68 85 67 99 57 78 0 23 94 8 30 60 61 68 95 76 51 67 28 29 74 65 59 49 26 30 76 26 7 72 81 59 46 12 41 99 9 67 22 55 27 4 15 41 24 10 17 27 29 46 57 
16 54 79 35 58 47 79 64 20 30 65 79 58 21 40 83 68 54 37 87 94 63 4 78 96 87 96 42 63 69 67 39 27 3 12 30 36 23 89 55 62 8 60 71 62 56 67 96 35 62 12 98 97 22 44 63 89 74 53 51 34 67 72 46 37 65 72 37 73 91 30 23 87 13 95 42 27 73 52 56 94 71 72 9 63 2 35 46 16 13 21 96 75 0 19 23 0 86 26 83 70 55 96 47 78 99 83 8 41 49 75 50 79 94 56 18 62 18 21 51 18 81 76 49 89 22 21 94 9 99 29 31 55 26 79 85 77 62 93 18 
22 92 37 14 81 29 78 38 54 78 15 38 99 63 31 29 77 96 93 71 42 7 10 46 17 34 65 18 52 10 80 64 25 9 32 2 89 8 85 44 4 45 69 49 76 62 42 93 1 54 62 26 69 73 37 23 50 52 56 90 84 53 63 35 75 79 48 44 77 65 9 35 16 76 83 27 23 35 69 36 57 84 73 11 39 38 77 67 97 83 64 87 81 80 50 94 86 0 39 26 38 52 55 67 88 83 22 63 22 84 65 77 95 82 33 77 61 4 85 34 78 36 74 18 11 27 2 42 4 93 21 42 97 76 9 86 59 31 49 34 
51 5 91 72 92 78 35 88 5 19 13 27 56 0 26 52 9 38 7 72 8 48 81 62 49 16 25 76 63 57 33 3 79 86 79 1 57 54 55 65 73 27 79 4 20 59 92 35 61 47 45 98 96 7 28 2 15 43 71 47 40 94 7 14 58 0 90 88 62 21 20 84 65 47 69 28 53 60 8 10 60 43 40 8 29 64 68 49 21 69 38 34 61 12 70 8 26 39 0 80 90 23 9 30 10 81 2 0 20 53 45 93 37 97 38 99 5 21 47 48 20 13 14 93 57 52 65 90 61 53 23 3 28 84 86 39 18 88 39 38 
3 36 24 55 9 29 24 66 99 80 30 48 20 75 95 68 89 25 34 98 24 81 38 11 87 78 80 94 79 90 41 80 42 24 41 48 36 16 3 18 5 23 55 25 14 44 75 61 12 46 80 14 44 92 54 19 60 82 38 89 20 32 62 89 39 37 13 95 69 68 0 70 73 29 86 32 65 44 61 90 9 84 0 11 89 77 74 73 80 0 46 79 32 75 15 30 83 26 80 0 20 38 39 95 24 79 70 44 58 9 22 18 30 41 32 66 8 1 26 73 50 16 73 91 32 39 19 51 31 97 33 3 88 72 98 64 3 20 8 61 
82 34 27 77 6 17 63 89 64 95 27 25 59 71 38 21 66 57 80 7 18 70 20 7 51 46 45 22 72 97 6 12 50 20 65 24 11 89 0 40 8 66 85 51 65 43 94 69 67 77 56 55 98 67 7 81 99 33 88 43 78 77 87 84 54 30 60 25 4 44 71 59 88 58 14 44 87 28 29 22 65 18 59 8 0 90 22 89 14 32 66 0 96 31 67 60 70 38 90 20 0 78 42 9 38 52 58 83 48 61 47 94 70 10 33 46 94 35 45 33 74 93 78 38 3 52 49 89 15 90 49 3 20 91 12 59 43 22 94 43 
14 20 4 14 48 36 16 55 48 51 80 34 11 67 32 19 86 50 93 45 10 6 10 32 26 32 68 90 17 12 3 20 99 42 92 42 46 2 80 57 69 41 82 47 68 38 70 42 91 24 86 61 51 15 54 47 84 18 66 56 30 7 67 85 26 92 95 21 46 65 74 83 14 80 62 78 86 80 99 32 78 99 61 49 88 34 43 67 8 90 50 7 27 29 92 61 55 52 23 38 78 0 83 89 91 0 34 45 28 83 31 52 65 68 12 21 91 89 99 98 60 23 29 49 0 72 16 95 64 1 25 94 47 60 84 91 12 70 36 40 
84 15 81 61 7 28 86 90 54 1 64 92 3 97 32 8 10 54 51 99 82 68 85 75 10 72 57 30 92 79 21 79 66 60 15 34 92 94 0 19 84 50 70 69 55 20 84 66 78 54 74 14 68 48 25 80 32 87 40 49 87 28 33 19 40 40 12 87 80 11 99 5 88 35 43 32 31 79 97 8 39 95 59 5 45 95 64 93 77 93 33 25 89 86 54 68 96 55 9 39 42 83 0 74 34 57 9 43 45 64 10 16 36 13 19 73 81 10 51 36 60 25 29 31 98 92 33 52 39 81 62 12 88 48 38 22 6 47 65 3 
82 88 4 86 42 59 35 99 44 72 75 62 15 75 78 72 74 86 72 40 60 29 67 12 97 63 39 72 2 2 44 89 0 80 18 54 52 93 68 40 31 51 40 9 69 53 7 4 21 38 71 81 56 65 82 6 87 39 56 84 85 54 92 1 74 54 68 63 12 10 90 40 49 36 93 62 10 91 95 79 98 78 8 66 41 88 59 54 38 6 5 85 66 56 78 95 47 67 30 95 9 89 74 0 22 84 2 42 47 78 48 30 1 50 0 57 1 29 23 22 93 74 56 19 54 71 62 54 74 14 44 4 24 81 0 46 17 3 41 65 
64 62 74 21 21 72 88 4 25 35 56 70 24 24 74 16 57 82 21 24 16 66 3 16 70 43 7 81 80 2 96 66 60 21 13 54 78 12 88 24 43 76 68 31 98 77 16 88 40 44 5 1 62 85 53 96 9 15 59 38 48 8 15 52 0 12 4 28 2 9 30 50 35 76 92 43 77 60 24 29 23 0 84 71 51 29 66 84 56 86 19 54 99 17 59 76 78 88 10 24 38 91 34 22 0 11 22 40 21 93 60 88 91 23 62 40 79 22 70 23 20 67 92 67 1 65 78 23 63 16 81 97 21 89 48 63 52 70 4 25 
35 83 46 0 92 96 84 42 80 19 67 67 80 75 52 43 5 41 40 65 55 19 83 94 39 60 10 52 75 98 58 0 26 2 13 83 36 41 83 25 21 73 71 16 62 91 0 62 37 59 11 30 96 63 17 2 45 81 94 67 22 21 69 38 93 59 89 82 6 52 11 53 22 23 39 27 83 95 6 59 21 35 14 94 63 57 71 66 81 1 93 14 21 95 20 51 99 83 81 79 52 0 57 84 11 0 95 21 32 15 54 6 60 65 88 45 11 65 91 63 24 32 51 31 75 16 64 76 46 29 98 97 86 61 72 63 86 67 84 18 
87 52 96 95 9 12 4 36 68 99 84 22 50 94 25 17 82 0 27 92 89 75 6 34 81 91 18 99 15 35 25 68 55 53 83 70 71 45 9 62 77 80 2 78 60 1 36 50 60 8 53 66 38 93 55 97 17 5 60 28 35 72 97 98 95 35 17 63 29 83 59 19 31 89 11 27 87 91 9 98 6 72 75 32 51 92 57 86 13 41 44 83 73 75 7 67 83 22 2 70 58 34 9 2 22 95 0 90 53 22 59 29 21 79 16 47 71 46 70 21 43 84 52 44 66 78 20 88 70 51 18 24 0 55 16 91 18 11 33 71 
45 94 22 5 8 95 41 19 45 95 13 56 61 60 90 64 76 35 40 12 34 63 66 11 38 16 64 34 25 60 69 75 27 79 40 90 65 83 45 56 59 48 82 31 75 82 77 44 75 30 21 55 49 78 62 85 38 80 18 71 49 40 37 15 15 97 16 34 89 33 21 55 37 63 32 94 44 60 1 51 78 80 3 83 19 13 72 71 75 8 63 43 7 29 63 28 8 63 0 44 83 45 43 42 40 21 90 0 35 84 8 74 64 8 39 87 67 77 24 16 7 46 14 19 73 22 8 78 72 42 89 47 59 71 50 3 51 56 35 86 
12 32 43 68 21 84 52 63 46 55 6 78 20 21 67 24 99 12 91 56 77 70 47 23 93 79 89 39 58 3 62 96 28 13 4 56 77 54 42 74 25 26 68 27 59 95 76 12 48 81 47 47 37 99 86 94 19 20 58 48 72 10 65 52 63 45 68 0 76 74 11 73 84 80 2 21 48 19 16 52 69 31 27 37 98 75 25 8 54 95 36 87 87 8 36 29 41 22 20 58 48 28 45 47 21 32 53 35 0 82 2 76 61 32 93 37 53 13 7 90 22 24 54 45 85 57 68 45 54 82 54 81 66 33 60 85 19 15 21 48 
27 15 23 84 78 54 15 25 79 55 42 48 87 26 70 97 71 27 26 95 64 88 17 79 83 70 49 87 86 77 90 41 71 96 53 51 89 31 67 89 41 87 94 13 31 21 5 57 37 10 55 95 72 56 64 12 77 24 67 87 34 89 28 71 59 43 81 43 30 16 46 46 3 53 15 8 85 95 60 92 91 85 44 63 93 90 41 63 61 99 35 15 20 99 99 74 49 84 53 9 61 83 64 78 93 15 22 84 82 0 35 21 81 45 91 12 34 82 85 6 62 82 48 56 85 16 60 84 23 41 67 45 55 80 11 17 2 8 91 73 
61 50 96 71 51 99 10 71 78 34 17 73 53 16 76 6 63 36 69 45 94 68 38 77 30 97 58 73 63 67 26 39 5 7 38 43 23 16 4 71 38 69 58 51 34 75 49 52 99 4 51 79 74 43 21 39 50 31 87 98 93 74 21 84 41 72 43 2 32 44 75 93 74 87 28 10 17 36 31 45 27 6 41 65 57 18 73 40 6 3 35 91 27 60 12 65 75 65 45 22 47 31 10 48 60 54 59 8 2 35 0 0 44 43 62 37 32 71 64 70 0 3 22 46 66 30 50 87 61 93 77 45 74 17 79 29 37 79 83 4 
1 12 42 34 94 88 76 56 94 50 39 7 54 42 77 46 95 92 74 92 64 90 90 15 5 14 54 92 25 74 23 40 87 63 47 44 48 22 14 10 72 99 17 28 92 69 11 55 59 35 39 8 76 13 46 23 9 10 4 30 36 16 90 76 84 68 94 33 89 21 8 97 76 82 37 45 70 66 4 63 79 8 97 53 40 83 26 18 38 92 95 18 30 50 62 59 50 77 93 18 94 52 16 30 88 6 29 74 76 21 0 0 11 6 71 18 60 28 57 57 17 20 26 40 99 13 4 29 31 36 28 91 60 59 72 38 92 51 79 12 
39 46 16 60 42 73 73 93 27 11 23 58 26 43 0 86 58 27 2 85 69 35 32 91 84 61 33 42 14 29 48 55 96 73 81 21 8 89 13 60 96 66 6 81 85 95 59 6 16 90 94 27 30 10 14 34 63 3 23 11 18 33 71 23 37 13 32 81 49 27 63 30 91 40 93 69 71 40 74 15 86 51 77 98 60 46 71 90 53 23 0 95 91 63 52 49 79 95 37 30 70 65 36 1 91 60 21 64 61 81 44 11 0 63 9 83 22 32 83 54 73 56 12 96 39 84 32 57 53 10 48 5 25 13 42 12 51 9 84 40 
1 79 24 22 18 48 51 51 41 92 48 20 13 28 86 73 44 97 58 59 31 2 92 14 2 71 16 91 73 15 85 93 37 67 17 17 62 80 5 59 76 75 38 58 45 15 77 51 33 13 86 61 87 56 81 4 94 76 86 69 53 40 57 4 48 6 39 83 13 34 83 52 48 18 8 89 11 47 38 77 33 94 38 12 46 31 70 58 47 54 91 87 67 59 15 26 94 82 97 41 10 68 13 50 23 65 79 8 32 45 43 6 63 0 60 49 17 75 37 38 68 63 99 76 30 65 28 41 11 0 46 42 51 16 51 96 3 72 6 32 
42 42 36 58 19 60 82 18 16 70 46 89 32 95 45 4 48 49 24 52 73 10 1 50 43 30 0 14 51 35 53 63 10 67 22 64 50 18 13 89 7 56 94 5 54 63 99 38 30 40 43 96 1 1 30 11 35 21 41 69 18 44 66 9 92 84 68 56 56 68 58 25 65 8 97 30 39 1 48 95 29 96 82 77 24 24 69 7 40 23 61 55 48 90 25 30 56 33 38 32 33 12 19 0 62 88 16 39 93 91 62 71 9 60 0 29 8 30 86 39 18 40 21 63 73 74 35 59 29 77 54 27 30 31 21 58 54 22 64 8 
6 17 70 23 91 57 63 79 2 55 93 32 74 52 65 93 68 63 10 24 65 91 36 25 25 30 46 45 88 94 29 60 71 21 92 3 79 73 45 74 88 21 54 1 96 80 14 19 89 20 69 23 97 11 99 44 8 66 76 88 85 20 58 3 5 0 76 24 99 92 8 76 48 20 27 97 51 80 94 96 84 12 24 16 0 32 0 68 44 53 63 1 32 76 96 76 18 77 99 66 46 21 73 57 40 45 47 87 37 12 37 18 83 49 29 0 9 54 39 77 98 57 60 14 78 2 6 77 78 9 39 47 65 46 3 40 63 44 91 17 
43 13 39 56 63 78 36 47 46 45 9 96 77 47 93 25 28 48 63 25 73 44 80 73 43 77 14 13 94 70 78 13 36 33 34 80 89 6 42 18 55 40 79 63 54 18 60 63 12 8 87 34 87 22 54 51 98 47 29 49 66 14 97 16 90 90 68 11 47 88 15 41 73 79 1 62 61 38 24 22 67 32 47 3 89 82 51 50 43 27 85 4 75 53 46 26 62 61 5 8 94 91 81 1 79 11 71 67 53 34 32 60 22 17 8 9 0 44 40 72 45 57 27 94 52 20 14 57 15 52 92 37 73 54 50 27 27 75 93 3 
37 88 18 35 24 71 13 22 89 3 88 80 62 55 96 60 20 6 40 13 45 52 69 24 81 86 40 19 49 3 17 72 28 7 37 20 34 37 63 37 29 4 52 40 58 94 9 99 91 42 17 57 52 14 19 11 57 63 13 77 74 26 55 11 48 47 87 48 94 13 37 78 45 87 74 9 23 72 50 72 71 20 99 80 86 2 0 60 11 71 95 16 88 42 0 7 18 4 21 1 35 89 10 29 22 65 46 77 13 82 71 28 32 75 30 54 44 0 32 40 24 0 42 88 53 3 94 17 5 86 90 85 11 67 9 23 19 3 65 26 
95 93 73 85 99 16 9 68 97 27 73 36 5 10 11 24 43 82 65 37 28 97 56 68 67 9 9 75 18 67 34 11 87 85 74 50 4 3 25 4 27 61 89 33 20 9 53 50 26 33 21 94 49 23 18 53 89 93 27 47 40 48 17 87 54 56 59 58 83 24 24 7 89 81 39 88 43 97 73 85 62 20 3 97 66 94 44 13 37 9 65 79 3 84 54 72 21 85 47 26 45 99 51 23 70 91 70 24 7 85 64 57 83 37 86 39 40 32 0 31 41 0 22 81 11 57 73 71 85 18 2 88 55 66 27 99 19 24 70 67 
15 89 93 43 0 73 67 20 64 75 50 58 78 58 71 77 71 54 52 81 20 95 14 14 53 95 69 10 98 4 18 71 87 63 7 70 13 57 10 98 11 81 26 40 65 56 66 6 77 90 17 53 72 97 17 27 2 56 88 28 22 65 59 20 70 39 32 50 53 20 30 73 40 74 67 98 8 29 56 50 91 12 94 28 37 46 0 62 9 82 61 69 95 8 68 81 51 34 48 73 33 98 36 22 23 63 21 16 90 6 70 57 54 38 39 77 72 40 31 0 46 16 6 73 58 38 60 41 52 88 91 42 70 20 59 99 91 90 31 17 
54 56 5 45 2 52 22 2 29 93 25 23 83 42 93 62 73 90 84 1 69 39 97 40 51 73 1 52 3 62 27 17 48 54 34 67 85 41 8 69 53 81 91 18 92 11 7 58 61 63 36 74 66 7 73 84 80 97 15 71 77 49 83 23 80 39 60 72 56 22 34 14 30 74 73 8 5 53 92 52 62 67 67 20 11 93 13 63 27 52 66 17 89 26 10 59 18 78 20 50 74 60 60 93 20 24 43 7 22 62 0 17 73 68 18 98 45 24 41 46 0 2 71 92 78 11 41 38 56 92 84 61 94 47 22 38 46 36 23 57 
93 67 12 0 74 62 86 44 86 90 45 55 86 28 59 27 84 40 36 23 3 52 89 97 86 71 32 99 29 68 74 97 88 85 30 20 11 89 76 57 96 15 17 33 69 73 84 37 80 21 22 76 19 5 69 49 30 81 80 66 19 22 93 49 82 76 3 81 10 35 40 89 11 99 79 58 96 81 60 56 35 93 78 55 14 33 82 53 5 13 97 86 54 90 15 46 81 36 13 16 93 23 25 74 67 32 84 46 24 82 3 20 56 63 40 57 57 0 0 16 2 0 93 89 14 65 11 27 11 49 35 27 10 9 73 49 95 72 64 33 
23 82 47 54 63 26 71 53 46 73 24 31 92 3 55 76 99 81 73 65 55 18 72 75 47 67 7 7 41 30 48 99 90 24 58 47 76 62 53 40 48 6 52 15 25 31 74 16 14 87 29 57 4 82 85 21 8 43 79 99 95 10 19 70 87 4 17 25 94 30 10 90 18 27 73 28 0 46 95 15 51 4 4 44 59 64 31 33 54 49 46 79 12 72 60 12 76 74 14 73 78 29 29 56 92 51 52 14 54 48 22 26 12 99 21 60 27 42 22 6 71 93 0 16 69 38 34 25 79 29 26 37 94 48 90 32 6 34 3 64 
25 52 29 78 35 63 16 15 38 91 24 57 39 39 56 4 52 34 34 81 49 68 35 47 52 7 17 68 26 72 7 97 55 4 0 70 86 27 46 52 50 24 84 57 14 51 26 13 7 89 21 93 68 28 74 25 47 37 29 33 61 20 45 87 78 42 50 54 28 12 80 35 97 22 39 90 50 30 45 93 97 70 81 29 69 97 31 79 90 64 4 26 41 68 86 41 49 18 93 91 38 49 31 19 67 31 44 19 45 56 46 40 96 76 63 14 94 88 81 73 92 89 16 0 6 11 41 39 42 90 21 70 30 17 98 82 14 25 19 83 
45 84 41 62 90 58 82 15 99 10 54 36 26 63 6 94 79 29 27 97 88 79 35 90 96 67 73 57 52 59 46 71 76 87 67 88 7 79 17 47 48 38 99 99 81 41 11 95 52 85 45 79 92 41 7 76 10 82 74 4 82 55 92 66 69 51 99 29 39 40 35 68 95 6 73 67 58 75 11 75 99 4 92 22 6 14 49 85 68 50 59 33 38 85 86 99 89 11 57 32 3 0 98 54 1 75 66 73 85 85 66 99 39 30 73 78 52 53 11 58 78 14 69 6 0 33 73 36 96 53 54 19 42 3 29 75 12 23 31 50 
49 29 30 52 20 81 16 17 40 61 65 37 73 25 54 1 56 63 6 45 42 31 77 52 92 44 56 50 69 58 18 22 36 95 4 21 11 20 18 85 1 64 44 64 22 59 92 61 61 57 67 73 79 43 95 31 11 70 85 31 78 8 88 36 39 20 58 7 82 75 3 27 6 9 16 17 98 49 21 96 34 84 57 74 79 51 48 77 29 35 79 32 92 69 32 9 22 27 52 39 52 72 92 71 65 16 78 22 57 16 30 13 84 65 74 2 20 3 57 38 11 65 38 11 33 0 77 68 12 38 49 19 26 15 48 46 17 33 15 21 
15 25 48 98 29 91 85 3 29 45 4 8 92 5 64 56 73 27 35 75 87 80 8 41 33 95 88 38 43 97 56 86 36 12 83 47 53 34 20 6 45 38 79 74 13 95 62 33 2 86 23 37 33 98 87 22 69 77 27 58 20 4 69 35 34 74 42 17 75 91 72 1 64 24 2 7 46 23 52 60 86 73 75 9 22 77 87 69 3 85 89 93 40 26 16 67 21 2 65 19 49 16 33 62 78 64 20 8 68 60 50 4 32 28 35 6 14 94 73 60 41 11 34 41 73 77 0 60 97 71 73 84 62 90 26 49 17 2 91 75 
61 90 72 98 48 5 14 79 19 92 71 15 36 84 46 29 0 36 16 85 35 94 40 68 92 6 70 0 67 80 65 11 3 91 79 18 43 2 7 55 11 47 59 70 95 49 78 43 87 99 9 29 89 63 51 39 99 8 27 8 16 22 64 12 7 68 71 18 64 31 18 43 34 19 68 61 85 0 63 83 93 27 16 31 21 68 36 83 36 15 80 81 66 86 58 22 94 42 90 51 89 95 52 54 23 76 88 78 45 84 87 29 57 41 59 77 57 17 71 41 38 27 25 39 36 68 60 0 73 9 6 9 80 59 5 62 66 28 39 41 
23 21 19 19 54 10 94 55 94 91 80 27 73 40 37 82 85 59 51 69 36 90 39 50 9 30 22 20 73 20 50 87 13 56 37 23 52 81 55 29 5 9 14 65 50 74 86 54 62 11 82 51 49 68 84 54 13 22 94 22 62 61 3 23 14 51 58 51 59 40 64 14 22 38 52 97 73 36 43 33 43 20 30 85 18 41 25 96 27 19 43 19 73 1 82 55 9 4 61 31 15 64 39 74 63 46 70 72 54 23 61 31 53 11 29 78 15 5 85 52 56 11 79 42 96 12 97 73 0 6 62 35 38 57 99 69 57 5 56 53 
66 31 92 23 73 22 72 43 34 64 69 35 48 5 43 61 82 66 95 99 47 28 89 3 34 63 66 66 58 7 89 41 16 98 15 0 62 41 76 24 71 65 10 78 86 54 54 68 15 34 20 36 29 5 68 24 36 73 98 58 12 50 77 50 44 27 84 5 37 13 44 85 29 23 72 87 51 83 12 23 46 16 15 69 52 41 8 18 76 54 79 80 53 90 39 27 99 93 53 97 90 1 81 14 16 29 51 42 82 41 93 36 10 0 77 9 52 86 18 88 92 49 29 90 53 38 71 9 6 0 18 63 22 82 29 50 50 93 86 14 
64 26 96 5 57 87 90 45 70 73 53 16 8 11 93 49 89 61 51 83 59 76 30 31 80 37 2 46 46 70 6 91 97 67 72 66 31 70 62 25 16 22 15 95 61 45 53 57 51 98 90 44 85 7 57 59 11 90 17 49 88 7 78 54 98 57 85 14 33 52 70 65 8 0 6 46 51 97 76 73 54 63 68 95 10 98 10 56 69 16 78 60 98 13 25 4 29 21 23 33 49 25 62 44 81 98 18 89 54 67 77 28 48 46 54 39 92 90 2 91 84 35 26 21 54 49 73 6 62 18 0 5 3 16 33 25 64 61 45 28 
5 55 99 96 12 27 10 44 10 86 7 4 84 63 75 3 52 68 32 76 54 60 12 9 13 77 67 42 45 17 56 51 63 28 54 99 63 70 55 69 65 27 99 68 16 17 81 75 81 88 38 7 99 87 92 88 65 7 82 17 40 39 42 8 69 81 70 28 63 36 35 73 11 96 66 93 13 64 72 7 8 39 41 93 19 32 99 85 93 3 61 71 69 32 1 15 31 42 3 3 3 94 12 4 97 97 24 47 81 45 45 91 5 42 27 47 37 85 88 42 61 27 37 70 19 19 84 9 35 63 5 0 87 13 69 5 64 46 58 75 
33 3 96 37 21 58 89 99 34 67 50 22 12 72 75 32 21 68 88 44 57 86 52 87 60 95 34 57 27 19 44 62 67 92 59 42 60 95 8 33 92 58 44 25 54 44 76 62 59 10 6 49 80 20 74 71 73 43 16 14 43 58 44 35 70 19 79 79 83 78 71 21 96 55 86 65 38 64 63 7 24 15 28 19 92 75 3 37 37 96 81 39 32 19 31 41 55 97 28 88 20 47 88 24 21 86 0 59 66 55 74 60 25 51 30 65 73 11 55 70 94 10 94 30 42 26 62 80 38 22 3 87 0 46 81 75 42 38 38 10 
48 94 30 67 64 15 76 35 24 26 17 60 11 60 25 58 51 15 2 34 41 96 68 6 42 61 11 76 90 1 27 22 63 79 88 1 24 65 63 96 52 72 37 16 17 65 89 23 81 4 64 10 6 8 82 91 43 77 57 50 75 87 11 73 38 97 97 1 13 63 69 23 96 87 49 30 34 28 74 34 93 11 27 0 8 93 74 1 98 61 12 37 39 51 79 24 26 76 84 72 91 60 48 81 89 61 55 71 33 80 17 59 13 16 31 46 54 67 66 20 47 9 48 17 3 15 90 59 57 82 16 13 46 0 89 38 12 60 65 30 
39 95 3 34 54 39 97 95 54 58 34 66 51 90 5 27 78 55 4 17 67 90 79 73 10 92 58 67 99 71 52 40 15 9 24 54 68 16 23 62 96 78 91 77 85 70 40 31 3 78 61 40 56 4 26 94 52 98 90 1 77 45 86 61 95 88 38 91 28 46 25 13 60 85 59 55 23 7 67 86 6 69 2 12 12 20 59 91 83 62 18 56 87 40 31 10 79 9 86 98 12 84 38 0 48 72 16 50 60 11 79 72 42 51 21 3 50 9 27 59 22 73 90 98 29 48 26 5 99 29 33 69 81 89 0 95 9 91 93 8 
97 65 22 58 95 83 29 55 59 2 6 92 36 48 49 48 78 51 62 20 73 52 7 55 30 90 41 38 7 73 92 80 79 14 72 48 39 7 96 57 35 86 13 8 5 74 44 2 99 6 11 2 95 5 27 19 82 59 76 4 43 66 11 39 22 83 36 7 38 87 1 71 83 31 79 8 67 76 87 37 0 68 12 42 43 56 22 73 93 34 1 94 31 36 43 17 85 86 39 64 59 91 22 46 63 63 91 3 85 17 29 38 12 96 58 40 27 23 99 99 38 49 32 82 75 46 49 62 69 50 25 5 75 38 95 0 22 28 0 68 
35 29 28 67 9 63 12 29 56 98 37 27 44 35 29 1 56 57 95 51 48 68 51 0 33 21 73 80 17 99 37 75 41 81 1 84 12 58 98 73 73 97 60 32 31 8 89 86 18 63 27 40 54 71 52 93 40 58 3 18 49 8 80 63 31 56 38 36 71 15 33 76 70 11 88 57 17 23 80 93 67 46 41 46 71 51 97 68 31 62 5 52 61 46 51 27 77 59 18 3 43 12 6 17 52 86 18 51 19 2 37 92 51 3 54 63 27 19 19 91 46 95 6 14 12 17 17 66 57 50 64 64 42 12 9 22 0 40 52 6 
27 47 51 29 64 51 1 31 74 57 70 41 53 84 82 96 12 7 31 61 56 65 85 8 91 35 76 66 14 58 30 8 71 62 7 24 39 61 84 76 26 11 45 8 97 23 76 82 15 39 67 6 46 97 33 43 21 56 2 82 12 18 84 59 90 75 8 54 9 81 84 32 43 26 23 35 62 51 29 36 64 41 77 96 63 12 68 77 48 3 62 39 60 16 39 29 62 31 88 20 22 70 47 3 70 67 11 56 15 8 79 51 9 72 22 44 75 3 24 90 36 72 34 25 23 33 2 28 5 93 61 46 38 60 91 28 40 0 17 89 
94 12 96 15 3 30 70 26 4 97 20 48 50 9 91 64 6 86 2 32 59 68 73 67 20 6 58 72 84 33 62 55 6 93 65 90 56 42 93 13 95 35 47 40 80 56 73 47 26 36 84 57 44 35 89 4 73 39 46 76 44 58 48 54 37 80 52 41 27 72 74 79 20 47 11 54 12 36 40 88 78 48 68 77 15 21 94 44 20 42 16 89 38 17 6 46 93 49 39 8 94 36 65 41 4 84 33 35 21 91 83 79 84 6 64 91 93 65 70 31 23 64 3 19 31 15 91 39 56 86 45 58 38 65 93 0 52 17 0 6 
47 61 71 88 30 47 65 45 3 53 95 5 16 8 96 25 56 69 86 7 25 90 98 76 26 1 63 71 75 54 51 71 21 47 5 92 89 13 41 47 98 23 80 59 90 3 65 98 19 45 74 39 91 70 38 40 11 31 61 66 21 70 97 15 46 54 6 36 99 41 96 1 6 43 42 31 65 95 49 45 36 78 20 35 21 26 75 28 85 57 93 91 0 6 87 57 18 34 38 61 43 40 3 65 25 18 71 86 48 73 4 12 40 32 8 17 3 26 67 17 57 33 64 83 50 21 75 41 53 14 28 75 10 30 8 68 6 89 6 0 
