120
0 62 9 91 4 51 40 75 45 2 59 72 85 56 50 89 44 91 59 37 23 4 1 28 43 38 66 6 0 4 8 0 66 17 91 71 68 31 98 14 85 58 38 70 66 88 11 11 32 22 48 55 26 2 35 21 40 54 79 92 58 39 92 25 57 35 48 25 18 46 91 4 56 82 26 23 22 90 34 54 12 82 61 91 84 49 64 76 3 96 69 61 35 61 86 92 49 86 70 67 33 13 23 89 95 50 64 70 92 98 24 4 81 38 95 17 87 12 94 42 
62 0 3 43 76 42 88 25 28 58 45 13 71 68 55 19 70 19 89 62 18 65 19 51 55 66 20 94 78 14 36 86 29 92 82 6 34 70 83 14 80 28 28 3 49 35 74 71 54 63 34 24 81 53 27 36 19 48 31 50 14 19 36 44 11 70 2 45 92 85 12 24 66 92 28 15 27 2 38 33 18 72 58 51 77 37 87 49 85 70 99 52 42 87 96 53 58 98 51 2 35 63 27 1 55 55 68 34 9 7 67 79 31 77 30 9 15 70 58 52 
9 3 0 82 44 52 88 54 50 39 57 86 54 84 39 61 91 60 95 0 67 62 80 50 92 10 59 7 80 69 11 73 78 16 7 75 68 95 29 71 86 38 9 40 22 48 1 13 8 48 66 27 11 46 78 3 8 89 62 41 59 73 14 89 41 73 64 62 21 94 33 7 32 94 48 7 94 1 72 3 50 38 82 13 84 12 68 93 2 82 34 13 55 0 2 49 25 67 11 46 13 96 54 97 90 54 4 84 7 77 39 57 15 74 22 52 86 90 97 40 
91 43 82 0 35 56 29 60 75 92 7 88 88 13 85 30 67 42 14 74 19 6 84 86 80 6 90 18 49 87 59 73 22 12 53 57 20 34 18 95 26 25 35 14 38 21 96 57 15 11 83 86 69 19 72 1 78 15 19 27 2 78 52 77 43 6 34 15 92 52 11 19 29 46 85 19 19 82 76 86 45 12 72 66 31 97 67 9 12 86 88 66 17 41 43 12 99 78 27 43 82 90 62 12 89 0 31 8 34 60 47 79 72 19 97 55 16 64 65 80 
4 76 44 35 0 42 83 49 72 11 93 55 1 55 19 90 7 2 51 41 62 98 72 86 69 69 42 86 85 59 18 88 16 65 59 15 60 43 16 32 54 9 87 7 17 58 98 24 61 1 18 75 99 42 14 68 12 8 6 49 19 25 37 35 42 97 2 2 40 19 35 46 80 74 53 97 85 3 74 98 4 44 73 55 86 39 76 50 47 34 0 66 11 37 54 54 86 56 8 78 27 95 24 60 22 30 9 7 33 83 5 90 79 30 97 66 22 73 16 69 
51 42 52 56 42 0 25 44 50 34 23 30 81 99 90 3 81 99 10 67 35 67 57 14 98 6 32 72 80 1 41 40 69 29 63 27 23 89 24 26 75 47 56 56 98 98 60 80 49 22 99 84 90 8 51 40 14 83 12 46 84 5 86 6 87 2 85 10 91 9 88 18 8 96 26 7 94 86 39 44 61 38 80 51 46 31 43 60 15 7 7 51 12 45 9 99 47 95 62 90 4 2 60 13 99 87 72 93 25 11 89 86 1 70 89 47 1 84 59 68 
40 88 88 29 83 25 0 63 28 69 6 33 72 66 98 71 53 70 16 31 33 6 17 34 28 59 33 29 43 44 50 35 15 22 91 31 55 98 46 84 68 52 69 92 71 67 15 76 89 83 7 22 89 25 8 17 84 93 99 79 89 1 14 4 75 57 35 30 56 82 66 76 86 35 68 57 54 35 34 43 18 41 17 60 18 77 29 54 70 28 34 12 81 48 16 56 58 4 87 14 86 5 90 72 41 10 82 95 45 16 91 15 9 8 75 28 86 5 34 8 
75 25 54 60 49 44 63 0 45 62 41 31 20 83 55 61 45 89 8 42 5 99 57 67 8 33 47 46 90 81 6 75 50 79 94 71 20 70 98 65 84 91 48 4 26 3 65 71 45 26 13 2 25 22 69 85 55 16 31 97 98 90 73 0 69 19 71 89 89 21 54 74 12 2 30 90 57 48 61 2 74 26 5 99 48 26 37 56 43 68 53 93 10 78 45 79 98 16 20 39 89 26 65 53 28 96 43 38 44 56 92 18 82 49 69 82 76 6 90 71 
45 28 50 75 72 50 28 45 0 89 64 18 16 29 71 96 25 66 34 21 22 79 39 56 28 61 38 56 67 81 27 94 77 95 84 51 56 53 76 85 42 40 55 58 21 78 7 99 44 93 20 18 72 12 74 53 73 65 9 40 46 89 87 23 84 23 26 93 76 2 30 18 94 86 29 16 16 36 15 13 81 87 31 54 99 6 59 72 23 68 65 69 9 4 44 46 27 70 39 3 25 69 73 19 7 54 87 76 90 54 89 72 42 20 78 93 78 37 66 1 
2 58 39 92 11 34 69 62 89 0 69 14 77 42 85 37 97 73 13 39 79 2 63 73 74 93 67 53 30 85 6 40 68 29 11 7 95 76 73 36 84 42 50 13 36 36 50 33 61 15 25 92 17 88 66 44 34 85 97 64 70 3 56 90 84 67 97 32 95 70 68 31 64 19 45 0 7 47 86 20 63 11 12 32 51 30 76 85 67 25 2 89 29 10 79 13 78 28 45 25 50 66 57 14 85 2 67 44 49 53 16 64 16 80 97 67 11 73 5 30 
59 45 57 7 93 23 6 41 64 69 0 82 9 82 49 46 36 16 42 37 69 58 2 85 38 99 4 1 24 61 32 23 20 4 55 42 55 1 41 87 44 66 22 5 0 71 51 88 87 45 26 8 3 80 45 41 79 1 95 55 63 27 79 83 83 86 25 38 87 19 78 83 85 52 88 38 23 91 78 62 36 4 22 39 36 19 33 15 20 28 23 83 7 2 67 90 40 44 80 28 63 10 11 1 62 52 91 37 95 69 51 32 26 73 23 62 44 8 30 65 
72 13 86 88 55 30 33 31 18 14 82 0 28 91 80 91 43 71 28 90 93 32 22 19 57 98 33 2 6 63 67 95 68 15 90 27 35 28 75 99 46 54 78 74 45 59 65 88 82 46 31 75 30 53 46 87 3 32 89 62 47 56 9 16 24 51 43 11 79 70 10 77 25 88 52 70 99 69 11 82 67 42 9 97 47 8 85 3 40 74 17 87 83 26 3 59 77 99 70 9 21 80 86 98 20 90 21 20 60 84 54 27 26 15 25 25 23 10 80 63 
85 71 54 88 1 81 72 20 16 77 9 28 0 52 29 57 43 2 77 3 86 83 82 64 98 7 90 74 69 22 89 58 20 92 81 95 51 64 0 60 68 14 43 53 19 25 10 62 27 39 17 14 74 99 78 24 59 20 98 80 43 88 38 63 32 72 58 35 36 11 96 4 25 91 9 44 16 71 58 96 10 75 10 36 27 40 61 38 61 11 18 4 99 9 19 84 81 29 19 69 40 67 25 18 59 35 62 27 6 73 23 69 0 33 5 27 74 18 17 87 
56 68 84 13 55 99 66 83 29 42 82 91 52 0 50 63 59 64 91 18 37 14 39 38 0 44 17 26 15 35 13 45 23 56 26 20 18 44 50 9 29 49 41 33 73 91 49 85 56 40 55 93 6 94 83 58 90 53 36 5 88 49 50 11 57 29 83 75 73 33 85 54 82 26 39 7 18 88 92 26 28 47 71 87 41 7 97 32 60 34 89 0 83 40 11 93 21 46 68 94 79 5 0 61 32 39 20 2 28 13 80 8 12 51 47 6 58 45 90 18 
50 55 39 85 19 90 98 55 71 85 49 80 29 50 0 65 78 92 19 58 57 99 18 69 3 66 75 61 11 17 32 90 97 2 56 68 84 64 13 63 92 51 74 77 90 45 95 20 37 14 30 46 66 48 16 69 14 43 82 25 61 14 67 10 17 24 78 53 40 43 68 84 95 94 61 37 40 56 9 29 23 39 76 89 87 44 58 54 87 92 79 0 7 99 10 76 75 41 81 67 84 1 51 31 96 64 20 88 21 29 69 44 68 45 85 8 41 95 62 81 
89 19 61 30 90 3 71 61 96 37 46 91 57 63 65 0 54 77 45 75 7 14 71 27 12 56 35 5 51 49 86 38 95 20 37 39 16 11 11 53 67 97 78 28 39 35 85 93 65 82 20 72 96 91 51 60 99 87 18 50 88 4 40 83 76 77 23 92 41 34 97 8 83 28 88 22 63 73 15 28 7 87 52 55 78 4 16 77 43 34 79 83 90 72 67 67 1 42 11 42 28 9 2 63 37 90 86 52 15 53 33 22 41 37 78 71 93 46 1 36 
44 70 91 67 7 81 53 45 25 97 36 43 43 59 78 54 0 14 7 65 20 40 87 13 30 17 84 23 15 37 12 47 70 84 22 26 23 63 84 8 68 37 21 34 92 97 37 41 12 45 6 32 37 94 45 67 63 81 43 79 19 55 26 89 39 0 15 14 16 0 22 84 89 43 71 81 40 8 74 52 5 81 36 95 27 81 62 90 63 57 69 34 12 48 23 51 48 90 65 16 90 87 53 31 82 24 64 23 84 39 27 90 20 16 85 47 97 99 89 12 
91 19 60 42 2 99 70 89 66 73 16 71 2 64 92 77 14 0 87 89 41 67 31 61 83 16 60 32 68 50 97 77 61 95 98 20 69 23 31 81 14 59 87 96 40 25 8 45 28 48 35 69 15 66 83 98 35 43 82 55 93 79 84 54 75 34 26 44 58 10 77 24 69 16 20 10 42 80 55 70 28 42 91 95 61 74 45 96 18 28 51 11 59 87 18 86 21 96 82 79 6 59 55 28 28 27 38 70 8 45 92 88 40 83 84 1 58 29 97 28 
59 89 95 14 51 10 16 8 34 13 42 28 77 91 19 45 7 87 0 35 80 91 23 20 27 59 21 37 89 70 65 50 70 8 19 9 70 75 69 28 65 9 44 14 9 41 92 36 23 91 71 55 35 46 75 62 6 48 99 47 18 16 97 40 24 17 49 46 44 19 26 9 80 23 23 41 64 67 77 87 11 48 95 46 47 70 60 53 71 11 52 89 27 49 82 3 18 31 50 14 2 76 23 35 99 99 76 63 66 54 3 29 54 98 75 1 20 35 54 91 
37 62 0 74 41 67 31 42 21 39 37 90 3 18 58 75 65 89 35 0 18 29 15 73 79 91 26 52 78 81 43 77 39 28 2 99 43 83 30 94 14 23 47 26 43 35 37 11 99 63 97 70 45 12 95 24 55 21 76 34 54 72 63 46 0 65 97 96 1 27 90 67 2 37 93 46 24 82 57 23 46 6 45 43 70 92 19 26 14 96 12 20 20 75 66 72 92 64 20 93 91 10 61 46 99 6 92 75 89 1 51 87 7 96 30 29 89 49 55 55 
23 18 67 19 62 35 33 5 22 79 69 93 86 37 57 7 20 41 80 18 0 3 32 3 51 14 33 92 63 88 47 13 60 23 82 6 17 24 45 27 39 82 28 64 79 28 92 35 71 44 32 16 99 64 19 51 78 52 43 94 41 43 7 1 18 89 59 87 66 57 14 5 39 42 21 70 22 13 6 94 10 90 10 9 55 29 12 85 82 8 31 75 51 90 28 69 80 87 56 46 44 70 3 35 64 24 6 39 37 64 33 99 54 95 9 61 76 73 99 58 
4 65 62 6 98 67 6 99 79 2 58 32 83 14 99 14 40 67 91 29 3 0 19 65 15 80 79 91 53 30 2 35 12 39 67 85 5 21 90 62 30 93 63 62 99 52 58 81 99 45 53 10 65 72 28 32 4 59 23 57 89 77 44 53 17 64 39 74 85 81 88 67 27 3 29 78 8 39 60 7 36 65 70 1 89 98 85 93 57 9 2 98 38 99 51 7 63 90 33 0 24 21 67 3 77 49 81 85 40 93 92 77 58 14 78 47 12 64 92 21 
1 19 80 84 72 57 17 57 39 63 2 22 82 39 18 71 87 31 23 15 32 19 0 30 3 77 29 15 93 22 37 70 69 8 86 67 79 61 76 93 69 37 82 51 17 27 10 47 53 6 69 72 95 68 54 98 45 84 65 91 58 54 61 79 63 99 46 42 12 74 87 34 63 22 37 80 49 48 79 2 6 0 26 1 68 81 99 14 17 65 5 75 71 18 54 34 18 52 29 30 26 16 16 89 38 54 21 39 2 1 93 8 1 20 62 70 53 13 36 70 
28 51 50 86 86 14 34 67 56 73 85 19 64 38 69 27 13 61 20 73 3 65 30 0 29 63 20 34 76 56 56 7 1 53 9 64 56 45 98 11 63 62 92 97 94 14 73 81 58 37 21 2 47 22 0 28 85 20 15 62 28 71 69 29 77 78 46 85 75 44 97 90 58 41 39 52 8 13 85 66 2 7 68 1 29 69 82 15 41 97 29 70 20 98 51 49 28 97 35 55 41 32 98 99 25 37 4 33 50 89 99 53 48 20 54 30 41 36 97 82 
43 55 92 80 69 98 28 8 28 74 38 57 98 0 3 12 30 83 27 79 51 15 3 29 0 61 22 50 49 19 84 87 97 89 45 73 97 52 29 2 47 93 49 73 54 48 77 53 2 67 55 46 56 61 39 17 74 13 67 76 85 3 63 82 92 60 56 41 12 37 44 11 30 45 85 85 45 14 90 48 81 97 46 89 11 37 6 85 51 25 13 36 29 76 70 73 36 26 15 1 16 11 12 46 8 49 83 54 16 26 54 49 23 0 39 86 38 45 24 41 
38 66 10 6 69 6 59 33 61 93 99 98 7 44 66 56 17 16 59 91 14 80 77 63 61 0 16 14 75 40 55 98 77 36 50 95 36 76 50 66 20 57 60 76 29 52 40 3 80 10 92 34 86 31 64 62 9 80 77 85 20 84 35 49 21 86 45 57 14 95 75 34 4 35 62 34 39 54 89 20 64 81 54 50 13 18 13 74 98 42 11 70 26 47 20 99 85 65 8 99 12 83 85 16 18 48 2 10 2 43 30 19 25 36 21 90 7 86 16 57 
66 20 59 90 42 32 33 47 38 67 4 33 90 17 75 35 84 60 21 26 33 79 29 20 22 16 0 56 78 79 14 58 59 42 65 38 94 24 50 11 91 13 40 93 13 89 14 10 93 45 13 89 58 83 13 60 74 76 16 4 7 82 63 18 76 28 56 70 4 58 81 95 23 73 89 36 15 55 98 8 53 11 49 63 94 63 23 21 91 92 77 98 74 40 68 3 21 24 73 25 34 7 73 57 80 14 45 95 69 44 56 22 7 5 86 54 20 61 27 11 
6 94 7 18 86 72 29 46 56 53 1 2 74 26 61 5 23 32 37 52 92 91 15 34 50 14 56 0 78 26 89 31 83 50 11 28 32 94 46 85 3 41 25 18 62 73 14 96 15 58 0 5 9 79 51 66 95 2 96 73 81 85 57 64 87 20 44 19 15 42 57 70 35 34 88 97 7 55 46 75 13 46 80 74 77 83 41 25 86 89 50 19 26 59 35 13 80 79 85 47 73 94 17 60 80 5 58 87 12 56 62 25 2 95 52 32 78 45 9 64 
0 78 80 49 85 80 43 90 67 30 24 6 69 15 11 51 15 68 89 78 63 53 93 76 49 75 78 78 0 48 80 93 8 68 5 79 38 31 30 92 93 28 66 2 43 53 90 15 50 66 52 3 9 15 11 94 29 50 10 41 51 91 86 59 59 44 90 49 75 20 41 20 48 60 74 43 65 65 58 16 83 63 71 92 78 34 87 59 85 97 52 36 40 39 47 51 83 89 1 10 9 94 82 9 54 57 52 20 22 62 88 57 25 11 50 3 46 89 15 83 
4 14 69 87 59 1 44 81 81 85 61 63 22 35 17 49 37 50 70 81 88 30 22 56 19 40 79 26 48 0 37 60 7 8 91 65 26 25 59 85 61 14 53 43 52 82 79 99 11 36 68 2 32 95 71 40 75 44 94 45 83 31 5 90 39 48 56 17 73 67 2 86 33 7 29 86 89 9 85 52 97 54 7 29 1 78 70 28 22 64 25 6 48 82 48 87 30 4 57 56 23 11 42 57 19 72 43 60 33 80 65 30 86 72 59 39 2 81 68 77 
8 36 11 59 18 41 50 6 27 6 32 67 89 13 32 86 12 97 65 43 47 2 37 56 84 55 14 89 80 37 0 39 87 41 85 67 24 70 78 64 13 44 76 67 53 96 92 38 12 29 56 8 84 4 90 10 64 64 39 5 58 45 44 46 86 81 65 11 51 43 75 16 88 3 35 93 52 79 84 64 61 40 24 45 45 14 55 9 31 95 66 89 40 10 87 27 43 53 90 46 96 17 63 36 73 50 30 25 30 66 41 91 6 65 36 51 31 43 12 62 
0 86 73 73 88 40 35 75 94 40 23 95 58 45 90 38 47 77 50 77 13 35 70 7 87 98 58 31 93 60 39 0 82 27 21 75 19 31 10 63 83 44 56 1 41 38 43 41 49 63 70 27 71 91 63 49 51 2 58 3 54 81 46 89 9 19 64 28 3 26 43 86 71 52 39 64 90 83 5 39 46 76 18 69 19 81 70 22 84 28 26 90 10 24 79 19 95 43 99 98 22 42 37 45 94 76 9 36 11 67 76 9 95 46 31 14 28 1 88 64 
66 29 78 22 16 69 15 50 77 68 20 68 20 23 97 95 70 61 70 39 60 12 69 1 97 77 59 83 8 7 87 82 0 12 29 35 98 40 73 80 2 62 83 7 87 84 58 41 94 45 55 71 61 30 95 23 36 33 65 95 11 23 33 4 35 14 92 86 55 17 66 9 31 1 16 19 85 74 12 79 72 67 2 33 49 97 8 37 30 25 85 42 48 18 98 35 32 42 21 39 60 39 49 91 41 17 62 26 92 75 58 64 94 60 49 96 58 57 85 40 
17 92 16 12 65 29 22 79 95 29 4 15 92 56 2 20 84 95 8 28 23 39 8 53 89 36 42 50 68 8 41 27 12 0 17 7 42 86 32 22 29 97 9 12 62 92 87 45 38 41 72 58 53 15 73 26 7 36 60 56 33 83 91 52 93 8 11 35 95 44 57 24 93 19 88 7 63 76 5 1 17 77 60 23 45 33 1 52 22 61 9 55 45 0 59 38 9 70 25 56 66 35 80 59 6 69 67 69 97 24 23 66 1 83 89 98 68 90 51 90 
91 82 7 53 59 63 91 94 84 11 55 90 81 26 56 37 22 98 19 2 82 67 86 9 45 50 65 11 5 91 85 21 29 17 0 31 54 22 57 33 87 38 30 90 52 87 0 87 63 31 71 63 85 70 69 22 10 21 79 40 76 27 75 43 25 58 74 79 81 31 12 20 22 42 10 26 82 62 66 45 93 37 61 30 59 82 52 69 3 84 62 31 63 89 74 88 47 0 67 28 84 31 0 6 26 63 84 8 25 50 5 19 40 18 49 51 0 54 21 55 
71 6 75 57 15 27 31 71 51 7 42 27 95 20 68 39 26 20 9 99 6 85 67 64 73 95 38 28 79 65 67 75 35 7 31 0 62 9 93 75 22 97 72 67 1 27 90 69 66 73 14 60 10 78 94 17 43 80 76 67 38 39 28 32 89 95 1 51 56 46 78 79 43 50 98 45 77 41 66 95 14 80 56 76 58 50 45 53 30 22 20 21 61 1 53 2 96 6 5 5 53 83 84 48 85 34 93 14 27 59 10 42 91 18 70 1 20 16 7 3 
68 34 68 20 60 23 55 20 56 95 55 35 51 18 84 16 23 69 70 43 17 5 79 56 97 36 94 32 38 26 24 19 98 42 54 62 0 16 39 43 27 73 35 74 95 76 7 51 11 54 35 9 11 13 98 90 14 41 37 30 39 40 89 17 66 99 27 22 67 18 65 46 43 0 21 38 77 80 89 40 34 25 1 97 90 51 87 4 93 24 35 84 16 24 53 83 75 32 5 42 50 22 88 93 22 61 31 51 41 73 43 75 98 96 24 40 48 63 45 93 
31 70 95 34 43 89 98 70 53 76 1 28 64 44 64 11 63 23 75 83 24 21 61 45 52 76 24 94 31 25 70 31 40 86 22 9 16 0 22 5 16 47 71 35 61 31 28 88 74 72 56 90 12 0 56 1 73 62 37 57 14 67 81 97 26 13 89 68 85 11 73 54 11 45 89 24 28 69 12 2 41 68 44 6 21 0 7 94 62 44 3 28 63 36 26 41 49 15 9 87 78 35 41 89 32 82 13 12 51 25 14 92 46 10 50 19 10 57 13 24 
98 83 29 18 16 24 46 98 76 73 41 75 0 50 13 11 84 31 69 30 45 90 76 98 29 50 50 46 30 59 78 10 73 32 57 93 39 22 0 0 34 9 76 93 94 42 37 62 74 44 28 31 66 91 38 97 5 12 91 28 3 9 57 10 32 55 73 86 65 41 86 51 50 62 96 97 57 85 59 31 30 39 14 96 31 52 93 88 16 36 68 19 45 25 81 29 32 6 15 49 47 1 0 98 16 97 47 25 82 6 56 64 45 22 60 28 26 6 16 94 
14 14 71 95 32 26 84 65 85 36 87 99 60 9 63 53 8 81 28 94 27 62 93 11 2 66 11 85 92 85 64 63 80 22 33 75 43 5 0 0 3 40 56 94 36 57 52 81 6 36 13 60 79 57 12 93 61 93 36 76 42 22 81 27 24 30 74 77 48 19 81 4 60 37 98 48 95 2 82 1 90 95 13 70 52 78 15 65 71 51 41 13 25 74 40 2 4 67 79 53 38 12 57 50 50 7 99 97 61 81 98 4 76 63 26 80 41 93 45 64 
85 80 86 26 54 75 68 84 42 84 44 46 68 29 92 67 68 14 65 14 39 30 69 63 47 20 91 3 93 61 13 83 2 29 87 22 27 16 34 3 0 21 14 12 57 44 86 52 25 4 8 87 25 21 77 9 11 99 34 95 66 28 75 25 0 29 49 93 63 95 80 4 68 94 68 25 90 54 77 15 59 37 54 84 10 31 93 22 30 79 17 48 8 44 73 60 73 74 5 88 69 85 92 89 31 60 14 21 15 43 88 26 33 42 62 43 25 55 65 7 
58 28 38 25 9 47 52 91 40 42 66 54 14 49 51 97 37 59 9 23 82 93 37 62 93 57 13 41 28 14 44 44 62 97 38 97 73 47 9 40 21 0 1 15 74 20 96 22 6 50 37 87 93 26 49 31 29 6 94 39 81 16 88 43 95 83 83 59 84 30 31 2 69 32 17 44 5 13 18 11 15 56 50 9 34 51 40 16 57 86 7 91 2 95 86 49 30 21 8 15 51 91 69 73 24 86 69 81 51 87 44 66 95 94 75 30 45 67 98 54 
38 28 9 35 87 56 69 48 55 50 22 78 43 41 74 78 21 87 44 47 28 63 82 92 49 60 40 25 66 53 76 56 83 9 30 72 35 71 76 56 14 1 0 68 29 82 54 86 84 20 95 74 31 70 7 87 72 74 37 94 87 45 70 57 98 53 33 87 46 40 81 5 49 34 26 30 69 80 17 53 52 12 27 83 34 86 71 58 60 60 53 99 5 23 9 55 28 42 43 75 34 24 32 83 10 58 66 79 38 83 33 43 47 60 78 33 99 49 91 59 
70 3 40 14 7 56 92 4 58 13 5 74 53 33 77 28 34 96 14 26 64 62 51 97 73 76 93 18 2 43 67 1 7 12 90 67 74 35 93 94 12 15 68 0 58 23 55 24 73 90 33 9 10 32 93 90 62 9 22 42 69 65 35 74 19 98 50 45 36 26 85 42 77 25 94 35 48 1 12 73 43 45 83 53 77 76 43 92 37 17 34 7 82 21 33 1 19 35 46 7 61 83 2 90 8 48 25 9 49 37 82 92 34 65 97 64 41 40 56 31 
66 49 22 38 17 98 71 26 21 36 0 45 19 73 90 39 92 40 9 43 79 99 17 94 54 29 13 62 43 52 53 41 87 62 52 1 95 61 94 36 57 74 29 58 0 81 32 64 71 29 9 99 9 50 14 55 88 92 94 66 27 16 55 55 28 36 95 63 11 73 60 30 93 28 26 61 9 58 25 32 87 86 32 97 88 98 4 76 42 50 94 69 18 1 77 46 89 72 9 0 97 69 31 90 49 57 3 10 67 80 42 6 18 26 55 6 24 59 34 67 
88 35 48 21 58 98 67 3 78 36 71 59 25 91 45 35 97 25 41 35 28 52 27 14 48 52 89 73 53 82 96 38 84 92 87 27 76 31 42 57 44 20 82 23 81 0 29 10 33 48 45 96 9 87 30 48 36 21 12 44 47 95 66 53 19 16 93 8 95 4 38 8 92 7 81 86 57 63 49 90 11 94 86 20 33 68 20 69 42 33 66 89 28 32 94 99 0 87 7 95 43 98 56 35 5 89 22 62 52 71 52 63 17 91 35 3 11 56 72 53 
11 74 1 96 98 60 15 65 7 50 51 65 10 49 95 85 37 8 92 37 92 58 10 73 77 40 14 14 90 79 92 43 58 87 0 90 7 28 37 52 86 96 54 55 32 29 0 68 39 13 93 95 68 81 68 14 57 44 23 41 44 86 18 35 44 17 53 94 36 47 71 36 63 20 67 11 79 81 31 70 46 24 65 14 57 33 80 15 77 4 8 74 90 79 61 86 96 15 80 32 62 52 21 77 24 88 40 3 69 71 25 68 47 91 82 5 24 15 72 54 
11 71 13 57 24 80 76 71 99 33 88 88 62 85 20 93 41 45 36 11 35 81 47 81 53 3 10 96 15 99 38 41 41 45 87 69 51 88 62 81 52 22 86 24 64 10 68 0 7 57 72 71 46 63 35 26 88 3 35 28 96 97 87 21 92 59 5 28 80 49 20 81 85 35 66 34 2 12 36 10 70 9 33 16 72 68 95 12 24 82 40 72 79 27 93 71 38 50 99 18 0 72 51 37 59 70 24 14 82 60 24 4 21 57 73 45 78 68 57 54 
32 54 8 15 61 49 89 45 44 61 87 82 27 56 37 65 12 28 23 99 71 99 53 58 2 80 93 15 50 11 12 49 94 38 63 66 11 74 74 6 25 6 84 73 71 33 39 7 0 22 44 13 4 42 34 44 13 48 13 56 24 37 49 46 86 27 96 7 11 13 49 55 15 12 79 55 91 96 57 56 70 1 69 27 95 3 71 60 4 36 16 28 73 17 74 12 45 22 19 8 35 68 63 51 32 94 58 23 42 15 32 13 69 1 40 64 5 63 25 9 
22 63 48 11 1 22 83 26 93 15 45 46 39 40 14 82 45 48 91 63 44 45 6 37 67 10 45 58 66 36 29 63 45 41 31 73 54 72 44 36 4 50 20 90 29 48 13 57 22 0 66 28 54 47 51 23 20 91 50 8 8 37 95 67 66 60 88 59 13 66 95 75 59 4 64 32 43 14 30 68 48 96 96 2 95 0 78 67 43 80 75 52 17 22 71 36 34 59 95 0 25 90 75 85 47 91 69 90 6 99 58 54 47 7 9 94 59 39 61 2 
48 34 66 83 18 99 7 13 20 25 26 31 17 55 30 20 6 35 71 97 32 53 69 21 55 92 13 0 52 68 56 70 55 72 71 14 35 56 28 13 8 37 95 33 9 45 93 72 44 66 0 17 25 7 36 46 96 52 26 24 78 61 23 43 2 10 71 72 22 44 32 6 66 58 5 60 35 17 70 81 80 1 99 58 60 87 4 8 39 83 32 69 44 7 65 46 17 88 70 92 33 54 98 51 12 55 12 48 72 34 81 5 35 80 63 47 19 19 55 59 
55 24 27 86 75 84 22 2 18 92 8 75 14 93 46 72 32 69 55 70 16 10 72 2 46 34 89 5 3 2 8 27 71 58 63 60 9 90 31 60 87 87 74 9 99 96 95 71 13 28 17 0 51 74 54 99 32 61 18 9 22 49 41 75 60 72 73 16 99 87 11 41 61 76 56 92 64 6 37 39 41 68 86 44 94 40 95 26 53 14 88 76 63 29 51 23 53 76 91 52 64 54 45 77 83 2 69 47 60 7 38 1 27 24 46 22 17 41 0 70 
26 81 11 69 99 90 89 25 72 17 3 30 74 6 66 96 37 15 35 45 99 65 95 47 56 86 58 9 9 32 84 71 61 53 85 10 11 12 66 79 25 93 31 10 9 9 68 46 4 54 25 51 0 5 6 74 96 7 36 80 61 21 72 51 56 39 63 92 55 50 59 60 18 71 64 11 55 99 83 83 12 95 62 94 0 69 68 96 28 57 77 41 30 1 92 86 92 7 30 47 10 41 59 80 13 24 91 20 75 74 55 88 70 17 34 22 38 2 71 19 
2 53 46 19 42 8 25 22 12 88 80 53 99 94 48 91 94 66 46 12 64 72 68 22 61 31 83 79 15 95 4 91 30 15 70 78 13 0 91 57 21 26 70 32 50 87 81 63 42 47 7 74 5 0 53 92 50 73 92 83 65 62 79 56 93 69 49 29 87 40 30 66 73 57 49 62 90 49 81 73 85 56 80 16 27 85 9 77 59 1 12 76 15 44 32 61 13 34 90 0 74 72 19 99 81 68 62 72 17 95 45 54 51 78 71 78 63 80 8 74 
35 27 78 72 14 51 8 69 74 66 45 46 78 83 16 51 45 83 75 95 19 28 54 0 39 64 13 51 11 71 90 63 95 73 69 94 98 56 38 12 77 49 7 93 14 30 68 35 34 51 36 54 6 53 0 57 21 62 30 22 59 30 4 77 80 90 60 65 86 72 71 38 67 24 67 64 25 5 82 86 78 40 4 78 44 80 87 17 42 70 39 2 0 95 31 80 86 91 97 24 16 68 63 35 92 82 51 69 39 34 56 17 74 12 47 71 92 35 88 35 
21 36 3 1 68 40 17 85 53 44 41 87 24 58 69 60 67 98 62 24 51 32 98 28 17 62 60 66 94 40 10 49 23 26 22 17 90 1 97 93 9 31 87 90 55 48 14 26 44 23 46 99 74 92 57 0 16 10 20 98 53 92 38 76 56 38 75 41 80 91 90 59 93 23 49 0 76 89 46 47 53 18 76 45 39 84 81 55 94 1 53 48 45 43 24 2 34 51 43 66 42 86 25 87 61 26 39 89 15 85 89 20 4 65 65 95 49 98 50 95 
40 19 8 78 12 14 84 55 73 34 79 3 59 90 14 99 63 35 6 55 78 4 45 85 74 9 74 95 29 75 64 51 36 7 10 43 14 73 5 61 11 29 72 62 88 36 57 88 13 20 96 32 96 50 21 16 0 96 8 10 28 51 25 67 37 42 9 43 10 88 24 77 70 24 81 32 77 83 2 75 26 94 55 97 33 70 11 32 67 71 95 47 22 72 66 11 14 27 6 24 15 31 53 37 55 34 69 32 70 71 59 48 17 14 45 50 37 8 35 4 
54 48 89 15 8 83 93 16 65 85 1 32 20 53 43 87 81 43 48 21 52 59 84 20 13 80 76 2 50 44 64 2 33 36 21 80 41 62 12 93 99 6 74 9 92 21 44 3 48 91 52 61 7 73 62 10 96 0 45 29 90 10 22 72 78 74 8 67 40 18 52 83 25 52 81 83 0 41 78 22 96 85 36 61 48 13 45 15 3 43 96 93 53 71 65 84 45 26 51 86 44 56 21 21 8 2 4 61 43 34 35 92 72 71 53 20 85 50 87 88 
79 31 62 19 6 12 99 31 9 97 95 89 98 36 82 18 43 82 99 76 43 23 65 15 67 77 16 96 10 94 39 58 65 60 79 76 37 37 91 36 34 94 37 22 94 12 23 35 13 50 26 18 36 92 30 20 8 45 0 4 25 65 54 29 51 3 41 36 35 5 99 5 59 36 66 25 19 82 57 0 14 97 19 45 91 46 51 38 55 16 42 80 33 96 61 36 51 2 72 38 7 24 44 67 12 62 44 31 45 1 83 11 51 54 57 42 1 8 80 8 
92 50 41 27 49 46 79 97 40 64 55 62 80 5 25 50 79 55 47 34 94 57 91 62 76 85 4 73 41 45 5 3 95 56 40 67 30 57 28 76 95 39 94 42 66 44 41 28 56 8 24 9 80 83 22 98 10 29 4 0 69 42 8 54 73 47 63 58 34 46 99 43 47 4 50 58 91 14 92 9 22 0 7 7 40 41 22 69 1 72 0 22 14 9 77 40 8 40 50 94 38 50 90 86 54 40 96 97 6 40 6 28 40 65 87 80 7 9 2 60 
58 14 59 2 19 84 89 98 46 70 63 47 43 88 61 88 19 93 18 54 41 89 58 28 85 20 7 81 51 83 58 54 11 33 76 38 39 14 3 42 66 81 87 69 27 47 44 96 24 8 78 22 61 65 59 53 28 90 25 69 0 40 62 2 13 84 16 97 99 5 37 4 64 19 55 35 33 4 58 75 50 39 86 1 62 5 24 64 66 26 53 23 18 67 77 31 52 93 80 51 50 18 7 14 89 14 49 23 19 7 98 69 98 36 22 13 42 99 77 60 
39 19 73 78 25 5 1 90 89 3 27 56 88 49 14 4 55 79 16 72 43 77 54 71 3 84 82 85 91 31 45 81 23 83 27 39 40 67 9 22 28 16 45 65 16 95 86 97 37 37 61 49 21 62 30 92 51 10 65 42 40 0 91 66 94 55 27 29 97 41 74 97 59 29 78 46 59 77 11 66 17 25 9 1 10 40 64 40 18 2 62 26 26 53 44 72 60 71 53 57 12 27 7 24 56 85 70 67 63 33 33 32 10 95 33 73 87 50 13 5 
92 36 14 52 37 86 14 73 87 56 79 9 38 50 67 40 26 84 97 63 7 44 61 69 63 35 63 57 86 5 44 46 33 91 75 28 89 81 57 81 75 88 70 35 55 66 18 87 49 95 23 41 72 79 4 38 25 22 54 8 62 91 0 79 97 28 85 48 51 84 3 81 87 73 45 49 84 5 6 8 75 27 28 41 91 57 2 84 16 41 8 72 67 19 3 65 99 88 65 50 25 68 31 12 94 28 13 78 33 20 86 8 99 66 1 90 23 3 26 92 
25 44 89 77 35 6 4 0 23 90 83 16 63 11 10 83 89 54 40 46 1 53 79 29 82 49 18 64 59 90 46 89 4 52 43 32 17 97 10 27 25 43 57 74 55 53 35 21 46 67 43 75 51 56 77 76 67 72 29 54 2 66 79 0 59 63 96 10 73 97 69 82 4 17 57 0 63 42 14 23 69 30 71 22 10 52 71 55 10 40 21 21 72 3 73 31 67 69 42 92 67 63 74 71 33 32 24 48 26 38 23 95 20 94 70 31 47 93 86 9 
57 11 41 43 42 87 75 69 84 84 83 24 32 57 17 76 39 75 24 0 18 17 63 77 92 21 76 87 59 39 86 9 35 93 25 89 66 26 32 24 0 95 98 19 28 19 44 92 86 66 2 60 56 93 80 56 37 78 51 73 13 94 97 59 0 57 56 12 19 88 85 16 47 1 11 6 37 42 51 65 5 58 26 74 76 41 93 75 41 13 51 16 90 39 75 7 48 83 19 19 72 4 35 19 6 99 25 95 93 28 60 50 87 38 25 63 79 18 90 20 
35 70 73 6 97 2 57 19 23 67 86 51 72 29 24 77 0 34 17 65 89 64 99 78 60 86 28 20 44 48 81 19 14 8 58 95 99 13 55 30 29 83 53 98 36 16 17 59 27 60 10 72 39 69 90 38 42 74 3 47 84 55 28 63 57 0 52 59 80 15 24 5 36 13 86 1 45 30 11 96 84 62 48 9 53 88 94 61 30 20 56 66 59 19 42 52 78 94 11 10 10 88 67 98 1 53 99 46 36 62 95 20 24 43 81 29 83 76 42 14 
48 2 64 34 2 85 35 71 26 97 25 43 58 83 78 23 15 26 49 97 59 39 46 46 56 45 56 44 90 56 65 64 92 11 74 1 27 89 73 74 49 83 33 50 95 93 53 5 96 88 71 73 63 49 60 75 9 8 41 63 16 27 85 96 56 52 0 66 68 7 42 57 81 53 59 81 93 74 11 13 53 59 81 39 47 16 27 55 56 54 11 39 80 61 17 39 15 60 5 35 19 99 93 0 52 4 81 45 30 44 11 83 4 92 74 3 60 1 10 16 
25 45 62 15 2 10 30 89 93 32 38 11 35 75 53 92 14 44 46 96 87 74 42 85 41 57 70 19 49 17 11 28 86 35 79 51 22 68 86 77 93 59 87 45 63 8 94 28 7 59 72 16 92 29 65 41 43 67 36 58 97 29 48 10 12 59 66 0 83 49 71 18 48 66 90 78 65 98 42 3 45 22 23 90 50 33 24 4 85 11 32 89 68 43 17 2 29 57 86 12 7 9 31 55 75 21 85 41 71 27 96 69 50 71 59 52 4 83 56 90 
18 92 21 92 40 91 56 89 76 95 87 79 36 73 40 41 16 58 44 1 66 85 12 75 12 14 4 15 75 73 51 3 55 95 81 56 67 85 65 48 63 84 46 36 11 95 36 80 11 13 22 99 55 87 86 80 10 40 35 34 99 97 51 73 19 80 68 83 0 1 38 34 26 0 67 65 87 45 85 35 13 15 73 67 20 3 78 62 28 99 24 6 75 54 30 33 21 83 79 92 84 17 27 63 18 46 28 57 44 65 92 9 81 18 77 1 73 55 15 1 
46 85 94 52 19 9 82 21 2 70 19 70 11 33 43 34 0 10 19 27 57 81 74 44 37 95 58 42 20 67 43 26 17 44 31 46 18 11 41 19 95 30 40 26 73 4 47 49 13 66 44 87 50 40 72 91 88 18 5 46 5 41 84 97 88 15 7 49 1 0 65 99 59 82 98 84 24 31 47 19 59 42 84 25 28 49 49 34 19 2 14 4 39 80 0 16 65 52 26 32 76 43 83 87 25 82 24 1 65 23 72 24 65 8 2 94 58 3 28 77 
91 12 33 11 35 88 66 54 30 68 78 10 96 85 68 97 22 77 26 90 14 88 87 97 44 75 81 57 41 2 75 43 66 57 12 78 65 73 86 81 80 31 81 85 60 38 71 20 49 95 32 11 59 30 71 90 24 52 99 99 37 74 3 69 85 24 42 71 38 65 0 2 3 65 92 7 32 45 57 80 62 19 32 67 17 55 69 58 97 25 93 84 16 78 13 24 12 11 86 10 76 90 13 79 56 5 38 40 51 95 20 65 66 4 85 84 11 54 42 9 
4 24 7 19 46 18 76 74 18 31 83 77 4 54 84 8 84 24 9 67 5 67 34 90 11 34 95 70 20 86 16 86 9 24 20 79 46 54 51 4 4 2 5 42 30 8 36 81 55 75 6 41 60 66 38 59 77 83 5 43 4 97 81 82 16 5 57 18 34 99 2 0 34 24 39 24 21 39 76 85 91 43 64 16 89 76 18 51 54 61 32 44 1 19 82 83 6 85 66 19 83 71 70 18 48 9 94 69 0 70 6 44 13 70 60 54 98 31 6 53 
56 66 32 29 80 8 86 12 94 64 85 25 25 82 95 83 89 69 80 2 39 27 63 58 30 4 23 35 48 33 88 71 31 93 22 43 43 11 50 60 68 69 49 77 93 92 63 85 15 59 66 61 18 73 67 93 70 25 59 47 64 59 87 4 47 36 81 48 26 59 3 34 0 67 7 0 14 75 56 76 83 36 81 85 83 90 54 62 58 89 4 42 43 1 33 65 2 92 40 31 36 35 92 4 2 51 56 16 27 13 45 62 1 26 99 84 17 53 46 27 
82 92 94 46 74 96 35 2 86 19 52 88 91 26 94 28 43 16 23 37 42 3 22 41 45 35 73 34 60 7 3 52 1 19 42 50 0 45 62 37 94 32 34 25 28 7 20 35 12 4 58 76 71 57 24 23 24 52 36 4 19 29 73 17 1 13 53 66 0 82 65 24 67 0 68 23 25 95 86 48 28 65 32 58 18 78 65 49 73 18 10 63 43 45 51 13 43 40 83 55 86 51 80 78 4 48 1 81 96 39 30 24 5 62 82 75 92 48 76 65 
26 28 48 85 53 26 68 30 29 45 88 52 9 39 61 88 71 20 23 93 21 29 37 39 85 62 89 88 74 29 35 39 16 88 10 98 21 89 96 98 68 17 26 94 26 81 67 66 79 64 5 56 64 49 67 49 81 81 66 50 55 78 45 57 11 86 59 90 67 98 92 39 7 68 0 45 89 40 10 26 14 40 47 17 59 59 16 96 88 51 57 59 93 6 63 69 58 84 65 86 99 5 52 99 0 23 44 41 63 7 19 77 99 67 46 58 78 62 7 18 
23 15 7 19 97 7 57 90 16 0 38 70 44 7 37 22 81 10 41 46 70 78 80 52 85 34 36 97 43 86 93 64 19 7 26 45 38 24 97 48 25 44 30 35 61 86 11 34 55 32 60 92 11 62 64 0 32 83 25 58 35 46 49 0 6 1 81 78 65 84 7 24 0 23 45 0 84 14 69 40 21 89 80 93 0 2 49 44 65 22 89 80 74 51 63 39 39 36 5 84 85 99 32 75 51 88 33 35 2 2 75 23 43 55 17 95 57 18 92 74 
22 27 94 19 85 94 54 57 16 7 23 99 16 18 40 63 40 42 64 24 22 8 49 8 45 39 15 7 65 89 52 90 85 63 82 77 77 28 57 95 90 5 69 48 9 57 79 2 91 43 35 64 55 90 25 76 77 0 19 91 33 59 84 63 37 45 93 65 87 24 32 21 14 25 89 84 0 11 6 60 19 10 92 56 71 78 76 10 64 93 46 96 29 19 1 44 98 17 6 39 71 77 55 71 45 62 60 84 25 66 44 97 76 89 53 99 19 29 10 35 
90 2 1 82 3 86 35 48 36 47 91 69 71 88 56 73 8 80 67 82 13 39 48 13 14 54 55 55 65 9 79 83 74 76 62 41 80 69 85 2 54 13 80 1 58 63 81 12 96 14 17 6 99 49 5 89 83 41 82 14 4 77 5 42 42 30 74 98 45 31 45 39 75 95 40 14 11 0 32 86 13 9 69 84 47 8 5 3 99 47 7 55 94 33 33 76 83 12 32 6 19 11 59 75 91 73 99 70 29 32 57 94 93 78 31 92 87 36 95 38 
34 38 72 76 74 39 34 61 15 86 78 11 58 92 9 15 74 55 77 57 6 60 79 85 90 89 98 46 58 85 84 5 12 5 66 66 89 12 59 82 77 18 17 12 25 49 31 36 57 30 70 37 83 81 82 46 2 78 57 92 58 11 6 14 51 11 11 42 85 47 57 76 56 86 10 69 6 32 0 87 6 93 52 70 90 31 88 60 72 1 40 65 45 18 19 67 72 24 95 60 1 25 26 32 67 70 61 65 37 49 52 44 42 4 66 84 88 6 44 60 
54 33 3 86 98 44 43 2 13 20 62 82 96 26 29 28 52 70 87 23 94 7 2 66 48 20 8 75 16 52 64 39 79 1 45 95 40 2 31 1 15 11 53 73 32 90 70 10 56 68 81 39 83 73 86 47 75 22 0 9 75 66 8 23 65 96 13 3 35 19 80 85 76 48 26 40 60 86 87 0 17 34 0 13 56 30 98 17 60 65 74 82 26 88 90 57 16 37 8 81 54 52 7 84 62 91 48 50 1 33 32 18 67 32 31 24 14 81 93 74 
12 18 50 45 4 61 18 74 81 63 36 67 10 28 23 7 5 28 11 46 10 36 6 2 81 64 53 13 83 97 61 46 72 17 93 14 34 41 30 90 59 15 52 43 87 11 46 70 70 48 80 41 12 85 78 53 26 96 14 22 50 17 75 69 5 84 53 45 13 59 62 91 83 28 14 21 19 13 6 17 0 32 82 81 56 42 78 42 7 68 70 20 79 91 51 66 31 8 84 24 68 16 65 40 61 53 91 47 50 28 0 67 12 82 48 69 76 78 63 84 
82 72 38 12 44 38 41 26 87 11 4 42 75 47 39 87 81 42 48 6 90 65 0 7 97 81 11 46 63 54 40 76 67 77 37 80 25 68 39 95 37 56 12 45 86 94 24 9 1 96 1 68 95 56 40 18 94 85 97 0 39 25 27 30 58 62 59 22 15 42 19 43 36 65 40 89 10 9 93 34 32 0 63 36 65 39 66 28 97 64 94 50 66 14 85 27 67 25 6 49 30 20 43 38 3 46 45 37 19 12 35 20 40 98 8 58 38 74 86 87 
61 58 82 72 73 80 17 5 31 12 22 9 10 71 76 52 36 91 95 45 10 70 26 68 46 54 49 80 71 7 24 18 2 60 61 56 1 44 14 13 54 50 27 83 32 86 65 33 69 96 99 86 62 80 4 76 55 36 19 7 86 9 28 71 26 48 81 23 73 84 32 64 81 32 47 80 92 69 52 0 82 63 0 88 31 92 64 54 34 66 62 42 87 96 1 63 63 5 21 1 68 12 99 53 67 68 18 58 78 23 53 32 92 88 72 75 80 88 81 14 
91 51 13 66 55 51 60 99 54 32 39 97 36 87 89 55 95 95 46 43 9 1 1 1 89 50 63 74 92 29 45 69 33 23 30 76 97 6 96 70 84 9 83 53 97 20 14 16 27 2 58 44 94 16 78 45 97 61 45 7 1 1 41 22 74 9 39 90 67 25 67 16 85 58 17 93 56 84 70 13 81 36 88 0 30 34 76 38 67 36 1 93 7 74 55 50 6 97 79 2 32 61 97 19 41 33 18 8 72 8 78 86 48 91 49 78 25 25 68 45 
84 77 84 31 86 46 18 48 99 51 36 47 27 41 87 78 27 61 47 70 55 89 68 29 11 13 94 77 78 1 45 19 49 45 59 58 90 21 31 52 10 34 34 77 88 33 57 72 95 95 60 94 0 27 44 39 33 48 91 40 62 10 91 10 76 53 47 50 20 28 17 89 83 18 59 0 71 47 90 56 56 65 31 30 0 53 42 92 25 3 36 68 74 18 51 91 63 70 49 37 80 41 95 37 94 50 47 57 60 2 43 90 69 26 82 47 80 76 91 57 
49 37 12 97 39 31 77 26 6 30 19 8 40 7 44 4 81 74 70 92 29 98 81 69 37 18 63 83 34 78 14 81 97 33 82 50 51 0 52 78 31 51 86 76 98 68 33 68 3 0 87 40 69 85 80 84 70 13 46 41 5 40 57 52 41 88 16 33 3 49 55 76 90 78 59 2 78 8 31 30 42 39 92 34 53 0 85 79 29 67 52 56 7 23 44 82 44 39 70 18 5 24 95 41 77 67 92 2 70 8 18 5 51 97 56 17 82 41 48 64 
64 87 68 67 76 43 29 37 59 76 33 85 61 97 58 16 62 45 60 19 12 85 99 82 6 13 23 41 87 70 55 70 8 1 52 45 87 7 93 15 93 40 71 43 4 20 80 95 71 78 4 95 68 9 87 81 11 45 51 22 24 64 2 71 93 94 27 24 78 49 69 18 54 65 16 49 76 5 88 98 78 66 64 76 42 85 0 24 85 63 14 29 90 95 10 87 39 0 71 48 70 49 94 61 32 77 58 32 24 67 41 67 64 75 55 30 95 90 54 80 
76 49 93 9 50 60 54 56 72 85 15 3 38 32 54 77 90 96 53 26 85 93 14 15 85 74 21 25 59 28 9 22 37 52 69 53 4 94 88 65 22 16 58 92 76 69 15 12 60 67 8 26 96 77 17 55 32 15 38 69 64 40 84 55 75 61 55 4 62 34 58 51 62 49 96 44 10 3 60 17 42 28 54 38 92 79 24 0 15 35 48 74 95 49 43 41 21 38 46 47 64 86 84 25 57 91 73 19 61 34 33 64 59 36 17 68 30 18 88 98 
3 85 2 12 47 15 70 43 23 67 20 40 61 60 87 43 63 18 71 14 82 57 17 41 51 98 91 86 85 22 31 84 30 22 3 30 93 62 16 71 30 57 60 37 42 42 77 24 4 43 39 53 28 59 42 94 67 3 55 1 66 18 16 10 41 30 56 85 28 19 97 54 58 73 88 65 64 99 72 60 7 97 34 67 25 29 85 15 0 51 38 14 99 15 39 32 5 70 66 49 71 59 39 51 37 48 54 49 64 70 20 93 97 10 76 6 38 87 27 96 
96 70 82 86 34 7 28 68 68 25 28 74 11 34 92 34 57 28 11 96 8 9 65 97 25 42 92 89 97 64 95 28 25 61 84 22 24 44 36 51 79 86 60 17 50 33 4 82 36 80 83 14 57 1 70 1 71 43 16 72 26 2 41 40 13 20 54 11 99 2 25 61 89 18 51 22 93 47 1 65 68 64 66 36 3 67 63 35 51 0 37 87 90 99 87 64 0 95 14 19 4 12 46 6 6 28 31 42 61 11 26 34 91 77 10 59 69 61 84 31 
69 99 34 88 0 7 34 53 65 2 23 17 18 89 79 79 69 51 52 12 31 2 5 29 13 11 77 50 52 25 66 26 85 9 62 20 35 3 68 41 17 7 53 34 94 66 8 40 16 75 32 88 77 12 39 53 95 96 42 0 53 62 8 21 51 56 11 32 24 14 93 32 4 10 57 89 46 7 40 74 70 94 62 1 36 52 14 48 38 37 0 85 7 11 35 51 77 84 21 53 53 69 14 42 58 96 93 51 49 28 95 61 34 56 94 28 83 96 99 89 
61 52 13 66 66 51 12 93 69 89 83 87 4 0 0 83 34 11 89 20 75 98 75 70 36 70 98 19 36 6 89 90 42 55 31 21 84 28 19 13 48 91 99 7 69 89 74 72 28 52 69 76 41 76 2 48 47 93 80 22 23 26 72 21 16 66 39 89 6 4 84 44 42 63 59 80 96 55 65 82 20 50 42 93 68 56 29 74 14 87 85 0 15 80 51 3 71 25 44 68 64 40 76 5 89 75 49 38 5 51 72 2 60 61 53 42 8 52 8 91 
35 42 55 17 11 12 81 10 9 29 7 83 99 83 7 90 12 59 27 20 51 38 71 20 29 26 74 26 40 48 40 10 48 45 63 61 16 63 45 25 8 2 5 82 18 28 90 79 73 17 44 63 30 15 0 45 22 53 33 14 18 26 67 72 90 59 80 68 75 39 16 1 43 43 93 74 29 94 45 26 79 66 87 7 74 7 90 95 99 90 7 15 0 91 9 94 81 97 57 94 24 44 20 75 49 43 64 18 85 82 53 8 74 2 42 42 75 38 38 28 
61 87 0 41 37 45 48 78 4 10 2 26 9 40 99 72 48 87 49 75 90 99 18 98 76 47 40 59 39 82 10 24 18 0 89 1 24 36 25 74 44 95 23 21 1 32 79 27 17 22 7 29 1 44 95 43 72 71 96 9 67 53 19 3 39 19 61 43 54 80 78 19 1 45 6 51 19 33 18 88 91 14 96 74 18 23 95 49 15 99 11 80 91 0 91 14 62 59 87 23 31 52 66 48 18 25 67 10 34 42 27 40 9 98 6 18 30 39 8 22 
86 96 2 43 54 9 16 45 44 79 67 3 19 11 10 67 23 18 82 66 28 51 54 51 70 20 68 35 47 48 87 79 98 59 74 53 53 26 81 40 73 86 9 33 77 94 61 93 74 71 65 51 92 32 31 24 66 65 61 77 77 44 3 73 75 42 17 17 30 0 13 82 33 51 63 63 1 33 19 90 51 85 1 55 51 44 10 43 39 87 35 51 9 91 0 95 38 78 75 70 49 95 38 11 3 39 37 42 37 18 80 63 81 66 70 49 21 12 47 25 
92 53 49 12 54 99 56 79 46 13 90 59 84 93 76 67 51 86 3 72 69 7 34 49 73 99 3 13 51 87 27 19 35 38 88 2 83 41 29 2 60 49 55 1 46 99 86 71 12 36 46 23 86 61 80 2 11 84 36 40 31 72 65 31 7 52 39 2 33 16 24 83 65 13 69 39 44 76 67 57 66 27 63 50 91 82 87 41 32 64 51 3 94 14 95 0 20 88 87 78 10 16 17 42 52 73 33 66 91 19 21 3 78 96 81 2 0 5 50 49 
49 58 25 99 86 47 58 98 27 78 40 77 81 21 75 1 48 21 18 92 80 63 18 28 36 85 21 80 83 30 43 95 32 9 47 96 75 49 32 4 73 30 28 19 89 0 96 38 45 34 17 53 92 13 86 34 14 45 51 8 52 60 99 67 48 78 15 29 21 65 12 6 2 43 58 39 98 83 72 16 31 67 63 6 63 44 39 21 5 0 77 71 81 62 38 20 0 0 21 55 92 55 72 12 83 18 85 19 59 6 5 22 63 11 61 99 77 29 90 1 
86 98 67 78 56 95 4 16 70 28 44 99 29 46 41 42 90 96 31 64 87 90 52 97 26 65 24 79 89 4 53 43 42 70 0 6 32 15 6 67 74 21 42 35 72 87 15 50 22 59 88 76 7 34 91 51 27 26 2 40 93 71 88 69 83 94 60 57 83 52 11 85 92 40 84 36 17 12 24 37 8 25 5 97 70 39 0 38 70 95 84 25 97 59 78 88 0 0 28 86 28 76 85 11 20 9 20 95 92 18 65 32 28 4 36 42 49 25 20 92 
70 51 11 27 8 62 87 20 39 45 80 70 19 68 81 11 65 82 50 20 56 33 29 35 15 8 73 85 1 57 90 99 21 25 67 5 5 9 15 79 5 8 43 46 9 7 80 99 19 95 70 91 30 90 97 43 6 51 72 50 80 53 65 42 19 11 5 86 79 26 86 66 40 83 65 5 6 32 95 8 84 6 21 79 49 70 71 46 66 14 21 44 57 87 75 87 21 28 0 96 28 28 14 98 29 8 68 40 12 71 17 6 83 28 89 18 29 63 21 62 
67 2 46 43 78 90 14 39 3 25 28 9 69 94 67 42 16 79 14 93 46 0 30 55 1 99 25 47 10 56 46 98 39 56 28 5 42 87 49 53 88 15 75 7 0 95 32 18 8 0 92 52 47 0 24 66 24 86 38 94 51 57 50 92 19 10 35 12 92 32 10 19 31 55 86 84 39 6 60 81 24 49 1 2 37 18 48 47 49 19 53 68 94 23 70 78 55 86 96 0 91 54 29 23 82 56 19 67 51 70 25 46 23 91 33 40 40 42 19 12 
33 35 13 82 27 4 86 89 25 50 63 21 40 79 84 28 90 6 2 91 44 24 26 41 16 12 34 73 9 23 96 22 60 66 84 53 50 78 47 38 69 51 34 61 97 43 62 0 35 25 33 64 10 74 16 42 15 44 7 38 50 12 25 67 72 10 19 7 84 76 76 83 36 86 99 85 71 19 1 54 68 30 68 32 80 5 70 64 71 4 53 64 24 31 49 10 92 28 28 91 0 54 56 65 47 16 66 95 50 97 80 51 83 47 34 95 77 14 33 29 
13 63 96 90 95 2 5 26 69 66 10 80 67 5 1 9 87 59 76 10 70 21 16 32 11 83 7 94 94 11 17 42 39 35 31 83 22 35 1 12 85 91 24 83 69 98 52 72 68 90 54 54 41 72 68 86 31 56 24 50 18 27 68 63 4 88 99 9 17 43 90 71 35 51 5 99 77 11 25 52 16 20 12 61 41 24 49 86 59 12 69 40 44 52 95 16 55 76 28 54 54 0 80 79 57 92 97 41 35 58 72 94 89 19 31 21 85 7 21 25 
23 27 54 62 24 60 90 65 73 57 11 86 25 0 51 2 53 55 23 61 3 67 16 98 12 85 73 17 82 42 63 37 49 80 0 84 88 41 0 57 92 69 32 2 31 56 21 51 63 75 98 45 59 19 63 25 53 21 44 90 7 7 31 74 35 67 93 31 27 83 13 70 92 80 52 32 55 59 26 7 65 43 99 97 95 95 94 84 39 46 14 76 20 66 38 17 72 85 14 29 56 80 0 49 15 90 24 16 9 37 48 27 23 18 95 56 25 85 43 35 
89 1 97 12 60 13 72 53 19 14 1 98 18 61 31 63 31 28 35 46 35 3 89 99 46 16 57 60 9 57 36 45 91 59 6 48 93 89 98 50 89 73 83 90 90 35 77 37 51 85 51 77 80 99 35 87 37 21 67 86 14 24 12 71 19 98 0 55 63 87 79 18 4 78 99 75 71 75 32 84 40 38 53 19 37 41 61 25 51 6 42 5 75 48 11 42 12 11 98 23 65 79 49 0 92 9 28 35 14 94 40 91 19 18 34 72 54 58 66 42 
95 55 90 89 22 99 41 28 7 85 62 20 59 32 96 37 82 28 99 99 64 77 38 25 8 18 80 80 54 19 73 94 41 6 26 85 22 32 16 50 31 24 10 8 49 5 24 59 32 47 12 83 13 81 92 61 55 8 12 54 89 56 94 33 6 1 52 75 18 25 56 48 2 4 0 51 45 91 67 62 61 3 67 41 94 77 32 57 37 6 58 89 49 18 3 52 83 20 29 82 47 57 15 92 0 43 83 13 17 47 77 69 94 22 75 16 91 75 96 43 
50 55 54 0 30 87 10 96 54 2 52 90 35 39 64 90 24 27 99 6 24 49 54 37 49 48 14 5 57 72 50 76 17 69 63 34 61 82 97 7 60 86 58 48 57 89 88 70 94 91 55 2 24 68 82 26 34 2 62 40 14 85 28 32 99 53 4 21 46 82 5 9 51 48 23 88 62 73 70 91 53 46 68 33 50 67 77 91 48 28 96 75 43 25 39 73 18 9 8 56 16 92 90 9 43 0 25 62 43 47 69 43 43 95 45 34 74 46 74 10 
64 68 4 31 9 72 82 43 87 67 91 21 62 20 20 86 64 38 76 92 6 81 21 4 83 2 45 58 52 43 30 9 62 67 84 93 31 13 47 99 14 69 66 25 3 22 40 24 58 69 12 69 91 62 51 39 69 4 44 96 49 70 13 24 25 99 81 85 28 24 38 94 56 1 44 33 60 99 61 48 91 45 18 18 47 92 58 73 54 31 93 49 64 67 37 33 85 20 68 19 66 97 24 28 83 25 0 37 2 4 50 28 4 76 62 1 35 26 92 35 
70 34 84 8 7 93 95 38 76 44 37 20 27 2 88 52 23 70 63 75 39 85 39 33 54 10 95 87 20 60 25 36 26 69 8 14 51 12 25 97 21 81 79 9 10 62 3 14 23 90 48 47 20 72 69 89 32 61 31 97 23 67 78 48 95 46 45 41 57 1 40 69 16 81 41 35 84 70 65 50 47 37 58 8 57 2 32 19 49 42 51 38 18 10 42 66 19 95 40 67 95 41 16 35 13 62 37 0 79 26 18 50 21 72 93 60 99 73 73 82 
92 9 7 34 33 25 45 44 90 49 95 60 6 28 21 15 84 8 66 89 37 40 2 50 16 2 69 12 22 33 30 11 92 97 25 27 41 51 82 61 15 51 38 49 67 52 69 82 42 6 72 60 75 17 39 15 70 43 45 6 19 63 33 26 93 36 30 71 44 65 51 0 27 96 63 2 25 29 37 1 50 19 78 72 60 70 24 61 64 61 49 5 85 34 37 91 59 92 12 51 50 35 9 14 17 43 2 79 0 14 26 78 26 3 83 10 27 29 67 71 
98 7 77 60 83 11 16 56 54 53 69 84 73 13 29 53 39 45 54 1 64 93 1 89 26 43 44 56 62 80 66 67 75 24 50 59 73 25 6 81 43 87 83 37 80 71 71 60 15 99 34 7 74 95 34 85 71 34 1 40 7 33 20 38 28 62 44 27 65 23 95 70 13 39 7 2 66 32 49 33 28 12 23 8 2 8 67 34 70 11 28 51 82 42 18 19 6 18 71 70 97 58 37 94 47 47 4 26 14 0 34 96 84 62 71 1 60 15 60 36 
24 67 39 47 5 89 91 92 89 16 51 54 23 80 69 33 27 92 3 51 33 92 93 99 54 30 56 62 88 65 41 76 58 23 5 10 43 14 56 98 88 44 33 82 42 52 25 24 32 58 81 38 55 45 56 89 59 35 83 6 98 33 86 23 60 95 11 96 92 72 20 6 45 30 19 75 44 57 52 32 0 35 53 78 43 18 41 33 20 26 95 72 53 27 80 21 5 65 17 25 80 72 48 40 77 69 50 18 26 34 0 41 61 81 49 48 64 93 41 0 
4 79 57 79 90 86 15 18 72 64 32 27 69 8 44 22 90 88 29 87 99 77 8 53 49 19 22 25 57 30 91 9 64 66 19 42 75 92 64 4 26 66 43 92 6 63 68 4 13 54 5 1 88 54 17 20 48 92 11 28 69 32 8 95 50 20 83 69 9 24 65 44 62 24 77 23 97 94 44 18 67 20 32 86 90 5 67 64 93 34 61 2 8 40 63 3 22 32 6 46 51 94 27 91 69 43 28 50 78 96 41 0 68 80 28 5 37 33 21 76 
81 31 15 72 79 1 9 82 42 16 26 26 0 12 68 41 20 40 54 7 54 58 1 48 23 25 7 2 25 86 6 95 94 1 40 91 98 46 45 76 33 95 47 34 18 17 47 21 69 47 35 27 70 51 74 4 17 72 51 40 98 10 99 20 87 24 4 50 81 65 66 13 1 5 99 43 76 93 42 67 12 40 92 48 69 51 64 59 97 91 34 60 74 9 81 78 63 28 83 23 83 89 23 19 94 43 4 21 26 84 61 68 0 57 79 27 7 4 53 74 
38 77 74 19 30 70 8 49 20 80 73 15 33 51 45 37 16 83 98 96 95 14 20 20 0 36 5 95 11 72 65 46 60 83 18 18 96 10 22 63 42 94 60 65 26 91 91 57 1 7 80 24 17 78 12 65 14 71 54 65 36 95 66 94 38 43 92 71 18 8 4 70 26 62 67 55 89 78 4 32 82 98 88 91 26 97 75 36 10 77 56 61 2 98 66 96 11 4 28 91 47 19 18 18 22 95 76 72 3 62 81 80 57 0 7 8 71 57 71 71 
95 30 22 97 97 89 75 69 78 97 23 25 5 47 85 78 85 84 75 30 9 78 62 54 39 21 86 52 50 59 36 31 49 89 49 70 24 50 60 26 62 75 78 97 55 35 82 73 40 9 63 46 34 71 47 65 45 53 57 87 22 33 1 70 25 81 74 59 77 2 85 60 99 82 46 17 53 31 66 31 48 8 72 49 82 56 55 17 76 10 94 53 42 6 70 81 61 36 89 33 34 31 95 34 75 45 62 93 83 71 49 28 79 7 0 14 45 25 29 57 
17 9 52 55 66 47 28 82 93 67 62 25 27 6 8 71 47 1 1 29 61 47 70 30 86 90 54 32 3 39 51 14 96 98 51 1 40 19 28 80 43 30 33 64 6 3 5 45 64 94 47 22 22 78 71 95 50 20 42 80 13 73 90 31 63 29 3 52 1 94 84 54 84 75 58 95 99 92 84 24 69 58 75 78 47 17 30 68 6 59 28 42 42 18 49 2 99 42 18 40 95 21 56 72 16 34 1 60 10 1 48 5 27 8 14 0 18 38 1 5 
87 15 86 16 22 1 86 76 78 11 44 23 74 58 41 93 97 58 20 89 76 12 53 41 38 7 20 78 46 2 31 28 58 68 0 20 48 10 26 41 25 45 99 41 24 11 24 78 5 59 19 17 38 63 92 49 37 85 1 7 42 87 23 47 79 83 60 4 73 58 11 98 17 92 78 57 19 87 88 14 76 38 80 25 80 82 95 30 38 69 83 8 75 30 21 0 77 49 29 40 77 85 25 54 91 74 35 99 27 60 64 37 7 71 45 18 0 29 34 47 
12 70 90 64 73 84 5 6 37 73 8 10 18 45 95 46 99 29 35 49 73 64 13 36 45 86 61 45 89 81 43 1 57 90 54 16 63 57 6 93 55 67 49 40 59 56 15 68 63 39 19 41 2 80 35 98 8 50 8 9 99 50 3 93 18 76 1 83 55 3 54 31 53 48 62 18 29 36 6 81 78 74 88 25 76 41 90 18 87 61 96 52 38 39 12 5 29 25 63 42 14 7 85 58 75 46 26 73 29 15 93 33 4 57 25 38 29 0 63 56 
94 58 97 65 16 59 34 90 66 5 30 80 17 90 62 1 89 97 54 55 99 92 36 97 24 16 27 9 15 68 12 88 85 51 21 7 45 13 16 45 65 98 91 56 34 72 72 57 25 61 55 0 71 8 88 50 35 87 80 2 77 13 26 86 90 42 10 56 15 28 42 6 46 76 7 92 10 95 44 93 63 86 81 68 91 48 54 88 27 84 99 8 38 8 47 50 90 20 21 19 33 21 43 66 96 74 92 73 67 60 41 21 53 71 29 1 34 63 0 95 
42 52 40 80 69 68 8 71 1 30 65 63 87 18 81 36 12 28 91 55 58 21 70 82 41 57 11 64 83 77 62 64 40 90 55 3 93 24 94 64 7 54 59 31 67 53 54 54 9 2 59 70 19 74 35 95 4 88 8 60 60 5 92 9 20 14 16 90 1 77 9 53 27 65 18 74 35 38 60 74 84 87 14 45 57 64 80 98 96 31 89 91 28 22 25 49 1 92 62 12 29 25 35 42 43 10 35 82 71 36 0 76 74 71 57 5 47 56 95 0 
