50
0 54 22 69 86 1 63 85 3 60 45 0 58 87 81 58 82 11 37 93 64 63 50 50 12 54 82 89 69 27 46 83 81 68 52 20 21 68 5 24 80 2 76 38 89 57 96 23 69 85 
54 0 48 19 83 61 73 17 2 42 96 48 77 78 16 82 50 38 50 7 14 82 9 91 20 98 48 68 21 69 53 90 54 1 9 90 14 34 7 16 76 4 64 5 34 33 87 36 23 89 
22 48 0 4 28 91 54 29 11 27 98 64 17 5 18 78 95 32 12 54 1 40 10 65 46 44 50 33 32 73 23 75 63 46 79 91 38 85 72 1 13 23 66 30 28 36 61 75 68 73 
69 19 4 0 87 60 36 89 45 69 63 68 44 26 67 76 69 57 13 94 58 26 17 76 9 97 12 70 72 33 43 53 54 57 93 93 69 30 83 15 99 98 35 95 76 2 23 97 59 37 
86 83 28 87 0 72 9 7 42 33 92 38 87 46 95 80 40 17 10 75 32 61 73 67 57 1 22 80 98 81 69 42 51 33 54 46 57 16 5 0 49 97 90 36 95 37 69 87 54 31 
1 61 91 60 72 0 40 28 34 39 61 4 33 13 89 39 11 46 55 68 98 5 17 88 93 12 26 62 0 80 94 14 19 39 54 25 93 94 5 27 85 18 83 18 31 72 10 94 19 65 
63 73 54 36 9 40 0 84 30 96 64 76 62 83 67 16 60 60 11 17 40 96 36 23 67 19 96 29 66 67 94 80 84 69 12 42 37 8 26 67 56 43 96 18 78 63 35 39 24 98 
85 17 29 89 7 28 84 0 94 82 54 41 62 91 10 74 33 47 34 12 66 90 55 62 61 33 78 96 24 54 46 33 70 92 77 9 58 93 49 4 27 3 45 90 94 7 16 80 54 3 
3 2 11 45 42 34 30 94 0 9 19 0 42 41 93 71 3 3 65 52 7 44 55 5 34 2 12 3 34 19 6 26 92 51 77 79 58 61 45 60 70 16 61 12 58 6 84 13 61 1 
60 42 27 69 33 39 96 82 9 0 57 93 38 1 44 15 80 2 77 77 15 47 46 28 60 56 34 96 69 95 49 34 15 46 58 93 78 85 31 65 45 40 10 84 41 7 99 73 61 76 
45 96 98 63 92 61 64 54 19 57 0 85 12 57 31 70 50 62 55 33 27 53 73 90 37 66 97 88 39 10 17 42 39 93 43 95 33 0 90 69 26 79 54 38 88 85 61 38 47 16 
0 48 64 68 38 4 76 41 0 93 85 0 96 67 9 92 15 42 92 5 11 71 36 17 61 25 2 22 63 2 91 87 81 12 83 50 71 46 16 70 0 44 86 48 12 47 40 27 41 85 
58 77 17 44 87 33 62 62 42 38 12 96 0 10 99 83 60 22 29 28 44 81 25 82 30 89 29 22 68 22 59 52 78 19 24 51 41 22 27 37 35 8 24 35 71 23 18 83 46 48 
87 78 5 26 46 13 83 91 41 1 57 67 10 0 17 26 59 10 0 38 47 35 46 71 70 17 46 41 53 44 41 17 87 22 6 12 86 36 18 72 34 47 69 36 7 38 14 66 48 15 
81 16 18 67 95 89 67 10 93 44 31 9 99 17 0 0 60 15 88 31 39 22 30 61 10 37 99 76 55 0 91 11 47 46 66 66 71 42 83 89 19 44 96 13 45 25 65 57 93 53 
58 82 78 76 80 39 16 74 71 15 70 92 83 26 0 0 62 26 35 97 15 6 42 63 19 87 40 36 44 33 89 85 70 68 4 15 5 12 64 71 76 13 80 52 10 35 97 72 13 85 
82 50 95 69 40 11 60 33 3 80 50 15 60 59 60 62 0 67 53 71 38 29 84 18 33 94 5 83 19 18 68 41 98 59 5 41 22 60 24 22 59 45 63 44 84 72 36 91 39 89 
11 38 32 57 17 46 60 47 3 2 62 42 22 10 15 26 67 0 70 90 11 81 35 26 77 72 51 14 63 42 3 77 72 26 27 71 31 20 28 70 84 50 78 89 23 45 51 88 86 73 
37 50 12 13 10 55 11 34 65 77 55 92 29 0 88 35 53 70 0 45 86 66 96 64 8 71 61 59 59 47 85 90 97 92 4 26 76 42 53 27 95 75 33 77 21 65 34 39 29 16 
93 7 54 94 75 68 17 12 52 77 33 5 28 38 31 97 71 90 45 0 39 50 52 24 27 73 89 13 12 70 82 97 37 17 29 20 60 85 16 14 0 12 6 57 5 89 18 76 1 73 
64 14 1 58 32 98 40 66 7 15 27 11 44 47 39 15 38 11 86 39 0 10 19 99 67 24 40 85 0 42 10 52 86 33 57 55 87 35 13 54 77 41 56 69 59 74 90 50 53 48 
63 82 40 26 61 5 96 90 44 47 53 71 81 35 22 6 29 81 66 50 10 0 31 58 99 43 33 89 45 86 89 2 84 99 30 33 76 34 22 90 38 6 62 46 28 71 12 53 67 64 
50 9 10 17 73 17 36 55 55 46 73 36 25 46 30 42 84 35 96 52 19 31 0 6 73 80 29 37 85 96 1 80 18 48 7 98 45 76 63 32 91 66 59 59 5 38 10 77 92 46 
50 91 65 76 67 88 23 62 5 28 90 17 82 71 61 63 18 26 64 24 99 58 6 0 12 27 63 74 4 56 21 28 93 94 4 88 40 12 13 23 58 87 59 33 78 96 66 20 78 76 
12 20 46 9 57 93 67 61 34 60 37 61 30 70 10 19 33 77 8 27 67 99 73 12 0 1 58 89 21 36 18 98 80 47 49 49 89 27 82 58 10 71 99 73 53 35 40 24 62 20 
54 98 44 97 1 12 19 33 2 56 66 25 89 17 37 87 94 72 71 73 24 43 80 27 1 0 78 9 34 40 29 46 5 39 77 80 24 13 13 98 19 86 43 27 87 35 32 90 16 17 
82 48 50 12 22 26 96 78 12 34 97 2 29 46 99 40 5 51 61 89 40 33 29 63 58 78 0 47 41 82 64 16 42 28 47 45 9 41 78 50 68 52 21 42 83 34 96 42 20 12 
89 68 33 70 80 62 29 96 3 96 88 22 22 41 76 36 83 14 59 13 85 89 37 74 89 9 47 0 87 50 7 7 58 59 90 45 74 24 50 88 51 86 19 94 16 79 36 43 99 20 
69 21 32 72 98 0 66 24 34 69 39 63 68 53 55 44 19 63 59 12 0 45 85 4 21 34 41 87 0 51 74 57 73 50 20 92 24 77 89 93 73 36 68 28 94 55 25 50 15 46 
27 69 73 33 81 80 67 54 19 95 10 2 22 44 0 33 18 42 47 70 42 86 96 56 36 40 82 50 51 0 98 39 92 20 39 29 8 99 18 98 14 57 67 87 22 35 32 79 79 54 
46 53 23 43 69 94 94 46 6 49 17 91 59 41 91 89 68 3 85 82 10 89 1 21 18 29 64 7 74 98 0 47 58 97 11 31 25 56 17 53 84 31 31 51 90 29 57 78 87 14 
83 90 75 53 42 14 80 33 26 34 42 87 52 17 11 85 41 77 90 97 52 2 80 28 98 46 16 7 57 39 47 0 64 24 23 36 72 12 67 15 75 92 6 85 75 46 58 41 12 87 
81 54 63 54 51 19 84 70 92 15 39 81 78 87 47 70 98 72 97 37 86 84 18 93 80 5 42 58 73 92 58 64 0 64 97 84 85 52 52 78 94 39 63 59 43 72 96 82 53 97 
68 1 46 57 33 39 69 92 51 46 93 12 19 22 46 68 59 26 92 17 33 99 48 94 47 39 28 59 50 20 97 24 64 0 74 15 9 95 84 73 39 19 97 32 56 38 74 77 15 68 
52 9 79 93 54 54 12 77 77 58 43 83 24 6 66 4 5 27 4 29 57 30 7 4 49 77 47 90 20 39 11 23 97 74 0 77 2 31 15 57 91 49 8 86 37 30 7 41 13 24 
20 90 91 93 46 25 42 9 79 93 95 50 51 12 66 15 41 71 26 20 55 33 98 88 49 80 45 45 92 29 31 36 84 15 77 0 14 15 48 54 68 75 81 67 89 2 75 80 77 66 
21 14 38 69 57 93 37 58 58 78 33 71 41 86 71 5 22 31 76 60 87 76 45 40 89 24 9 74 24 8 25 72 85 9 2 14 0 14 64 63 40 23 66 84 40 59 84 37 66 0 
68 34 85 30 16 94 8 93 61 85 0 46 22 36 42 12 60 20 42 85 35 34 76 12 27 13 41 24 77 99 56 12 52 95 31 15 14 0 4 88 58 8 99 99 99 54 15 29 24 98 
5 7 72 83 5 5 26 49 45 31 90 16 27 18 83 64 24 28 53 16 13 22 63 13 82 13 78 50 89 18 17 67 52 84 15 48 64 4 0 39 20 36 66 12 88 23 39 21 54 16 
24 16 1 15 0 27 67 4 60 65 69 70 37 72 89 71 22 70 27 14 54 90 32 23 58 98 50 88 93 98 53 15 78 73 57 54 63 88 39 0 50 87 95 44 17 73 90 65 16 98 
80 76 13 99 49 85 56 27 70 45 26 0 35 34 19 76 59 84 95 0 77 38 91 58 10 19 68 51 73 14 84 75 94 39 91 68 40 58 20 50 0 22 62 87 87 18 38 54 70 5 
2 4 23 98 97 18 43 3 16 40 79 44 8 47 44 13 45 50 75 12 41 6 66 87 71 86 52 86 36 57 31 92 39 19 49 75 23 8 36 87 22 0 28 48 75 70 21 57 21 98 
76 64 66 35 90 83 96 45 61 10 54 86 24 69 96 80 63 78 33 6 56 62 59 59 99 43 21 19 68 67 31 6 63 97 8 81 66 99 66 95 62 28 0 86 96 95 2 44 83 82 
38 5 30 95 36 18 18 90 12 84 38 48 35 36 13 52 44 89 77 57 69 46 59 33 73 27 42 94 28 87 51 85 59 32 86 67 84 99 12 44 87 48 86 0 82 35 59 12 16 7 
89 34 28 76 95 31 78 94 58 41 88 12 71 7 45 10 84 23 21 5 59 28 5 78 53 87 83 16 94 22 90 75 43 56 37 89 40 99 88 17 87 75 96 82 0 12 84 95 61 8 
57 33 36 2 37 72 63 7 6 7 85 47 23 38 25 35 72 45 65 89 74 71 38 96 35 35 34 79 55 35 29 46 72 38 30 2 59 54 23 73 18 70 95 35 12 0 25 38 11 6 
96 87 61 23 69 10 35 16 84 99 61 40 18 14 65 97 36 51 34 18 90 12 10 66 40 32 96 36 25 32 57 58 96 74 7 75 84 15 39 90 38 21 2 59 84 25 0 3 46 62 
23 36 75 97 87 94 39 80 13 73 38 27 83 66 57 72 91 88 39 76 50 53 77 20 24 90 42 43 50 79 78 41 82 77 41 80 37 29 21 65 54 57 44 12 95 38 3 0 20 6 
69 23 68 59 54 19 24 54 61 61 47 41 46 48 93 13 39 86 29 1 53 67 92 78 62 16 20 99 15 79 87 12 53 15 13 77 66 24 54 16 70 21 83 16 61 11 46 20 0 65 
85 89 73 37 31 65 98 3 1 76 16 85 48 15 53 85 89 73 16 73 48 64 46 76 20 17 12 20 46 54 14 87 97 68 24 66 0 98 16 98 5 98 82 7 8 6 62 6 65 0 
