110
0 17 14 74 75 54 83 24 10 78 61 75 89 78 72 48 15 7 82 94 26 61 50 43 30 53 55 80 23 4 79 25 22 45 51 49 99 34 73 62 13 86 89 54 65 13 54 32 21 36 78 47 49 28 42 80 33 98 12 57 2 91 82 76 89 86 77 88 20 50 2 85 37 92 39 54 57 93 86 78 82 64 77 31 45 72 63 78 70 75 87 24 19 22 53 60 8 30 0 28 33 3 14 70 47 5 76 4 51 62 
17 0 78 64 16 75 36 32 54 58 59 41 83 30 15 88 90 23 70 91 52 3 94 18 25 93 75 1 97 26 15 84 11 46 49 80 21 37 12 27 96 23 21 31 54 36 19 44 60 41 87 64 45 33 34 22 26 9 76 76 88 43 60 99 89 61 31 63 99 95 90 95 19 11 26 73 0 97 69 60 38 57 24 35 42 10 10 69 19 86 97 7 81 57 59 71 19 90 86 18 38 76 65 57 40 91 82 92 40 3 
14 78 0 28 18 55 38 28 76 9 66 73 17 47 30 28 70 1 70 56 71 8 85 36 65 77 79 99 69 71 3 21 2 15 1 20 70 91 48 46 0 66 19 17 13 2 97 84 55 68 40 79 76 25 15 94 2 47 93 23 18 48 44 72 64 97 92 86 88 92 33 89 58 4 58 72 58 56 8 66 24 48 45 52 26 12 46 80 59 92 4 30 40 0 2 4 98 95 91 86 39 76 27 98 32 86 22 43 94 30 
74 64 28 0 22 8 18 69 89 30 61 45 60 53 45 14 58 95 61 1 34 1 29 61 51 13 99 73 56 93 55 17 63 37 23 86 46 42 7 87 24 20 32 84 73 29 98 31 77 60 84 11 13 13 24 64 79 24 37 35 69 44 53 85 81 28 23 79 22 30 66 46 50 50 30 23 80 81 7 9 93 43 20 6 9 44 70 88 20 59 23 42 3 28 79 36 57 2 16 79 32 82 26 34 33 8 9 65 41 16 
75 16 18 22 0 21 42 62 9 15 21 32 57 24 13 88 13 22 90 29 1 74 11 79 8 96 40 69 13 81 38 39 16 50 85 8 71 80 71 80 95 92 64 4 69 77 92 82 99 34 11 53 8 74 84 68 23 24 37 36 6 27 76 74 77 13 82 48 45 53 80 40 98 45 96 67 22 40 1 74 74 12 27 34 38 63 2 61 88 92 50 46 19 78 20 49 91 2 97 37 8 78 29 6 23 78 25 97 18 26 
54 75 55 8 21 0 66 34 42 54 78 92 52 49 70 72 98 13 26 48 2 34 78 84 92 53 62 17 50 32 43 26 77 33 28 9 14 94 95 56 0 25 0 52 74 70 76 25 35 3 73 38 89 51 22 82 4 36 99 6 68 95 32 98 28 61 59 42 55 54 50 8 31 50 12 5 72 89 30 8 44 55 98 85 6 72 19 10 8 71 69 28 66 1 26 46 62 37 41 70 91 91 30 74 94 42 80 66 83 62 
83 36 38 18 42 66 0 84 39 8 7 8 89 73 9 15 20 24 53 61 46 96 4 76 71 98 70 3 17 54 17 95 33 87 24 50 64 24 87 3 85 94 11 74 20 72 41 40 48 94 53 94 43 57 70 66 8 41 21 25 47 38 72 32 26 96 83 42 73 22 97 58 68 60 32 88 32 73 28 81 20 81 27 15 91 50 33 99 43 54 76 90 44 0 22 22 49 57 16 22 31 13 80 0 73 64 88 6 89 17 
24 32 28 69 62 34 84 0 44 11 15 20 1 12 73 76 86 22 85 3 44 17 16 76 17 90 40 57 48 81 26 87 43 77 5 19 22 74 81 67 37 48 39 39 60 12 67 47 34 52 50 78 21 66 6 38 56 46 96 4 28 22 43 23 51 1 42 26 27 75 93 64 24 32 55 84 45 22 83 79 27 33 10 48 52 16 39 60 15 87 17 95 61 60 18 65 13 12 91 40 88 84 5 12 68 12 48 13 35 32 
10 54 76 89 9 42 39 44 0 42 88 47 89 2 59 59 67 73 24 58 65 12 94 22 76 62 35 24 28 22 8 25 36 26 84 98 47 59 52 77 54 40 76 95 42 88 55 61 61 79 19 26 43 13 1 19 28 36 95 56 58 4 33 94 82 17 92 29 28 44 59 82 37 87 30 31 75 85 93 88 16 64 67 59 30 68 30 58 4 25 66 14 81 99 8 15 68 52 97 96 49 56 31 38 95 61 21 23 98 66 
78 58 9 30 15 54 8 11 42 0 32 37 68 14 88 28 81 56 81 78 52 82 86 83 72 82 96 93 5 94 60 68 8 43 99 85 56 97 40 27 52 73 64 72 39 52 1 20 60 34 51 12 16 37 48 88 71 44 81 28 91 93 97 51 36 48 37 92 97 77 71 49 2 35 74 41 39 75 14 99 9 65 64 77 54 12 65 26 8 98 54 51 44 3 3 80 51 40 25 49 69 96 50 72 84 24 65 75 51 31 
61 59 66 61 21 78 7 15 88 32 0 35 67 49 91 70 29 42 62 6 43 83 55 46 55 39 22 73 66 74 4 93 34 5 36 24 8 43 78 89 11 83 24 78 32 15 0 14 10 14 72 5 97 27 51 5 18 26 30 85 0 86 78 86 91 67 10 99 10 41 88 21 76 65 51 61 80 3 75 42 17 47 48 67 27 51 72 45 77 2 30 29 88 61 16 80 28 78 79 90 71 20 64 48 85 15 9 17 71 36 
75 41 73 45 32 92 8 20 47 37 35 0 22 22 3 90 2 31 21 33 74 92 53 38 92 90 5 53 8 76 89 68 17 77 80 24 91 43 4 51 88 37 94 11 59 97 53 61 81 74 47 7 19 0 97 11 91 2 17 51 31 58 19 0 35 51 24 79 46 80 82 35 18 76 98 29 26 51 43 59 78 90 18 49 42 15 60 85 17 29 36 0 88 7 0 75 58 77 54 57 57 37 92 27 65 90 57 43 93 52 
89 83 17 60 57 52 89 1 89 68 67 22 0 2 18 10 78 28 39 84 85 48 21 29 76 39 71 85 82 17 89 89 40 31 61 65 67 49 2 41 58 16 52 67 71 22 29 1 2 68 85 40 69 59 69 97 50 93 82 32 10 23 21 2 54 35 67 73 36 69 67 94 38 19 13 61 93 43 62 95 63 99 35 32 10 57 29 60 50 63 45 12 86 18 14 92 5 34 18 41 55 85 87 93 56 1 6 49 96 20 
78 30 47 53 24 49 73 12 2 14 49 22 2 0 62 69 24 68 55 42 9 11 27 49 56 35 50 63 84 98 83 80 9 55 64 5 90 5 83 85 48 24 29 3 55 91 73 79 59 80 73 21 91 0 70 48 87 72 63 71 70 98 52 31 54 16 37 44 74 72 81 22 48 10 26 3 53 51 35 13 31 8 86 23 61 56 23 48 80 86 20 50 36 24 33 90 92 22 86 18 94 19 41 42 81 67 98 35 18 33 
72 15 30 45 13 70 9 73 59 88 91 3 18 62 0 9 16 95 32 3 14 26 74 55 69 56 74 67 43 44 52 43 45 45 29 70 0 23 21 55 97 59 30 73 33 33 82 49 80 66 4 94 93 79 1 14 87 75 33 30 19 85 73 65 30 2 87 82 77 8 37 26 67 19 51 52 52 85 54 85 52 58 79 45 89 81 59 76 8 44 6 28 29 79 45 11 33 84 94 62 92 31 88 12 3 91 64 7 77 18 
48 88 28 14 88 72 15 76 59 28 70 90 10 69 9 0 21 18 74 67 81 67 51 21 31 54 13 95 61 42 66 54 71 95 78 97 65 35 34 60 48 15 14 94 77 99 36 50 17 11 18 50 30 69 24 61 23 89 8 36 31 26 90 54 73 20 3 39 55 89 99 56 56 65 2 33 64 38 35 34 49 53 36 31 74 60 92 97 1 53 86 84 79 28 38 53 49 93 92 4 82 43 12 38 61 14 23 25 53 59 
15 90 70 58 13 98 20 86 67 81 29 2 78 24 16 21 0 52 30 12 8 65 7 73 3 68 87 27 94 92 38 57 47 50 5 85 89 66 67 78 80 3 4 78 18 7 15 38 11 98 2 72 63 9 45 18 78 32 97 24 77 35 33 24 38 39 61 79 57 28 9 37 83 14 15 1 21 83 91 33 33 93 57 96 55 2 14 85 86 12 61 63 47 94 39 85 85 0 17 42 81 26 31 64 40 99 18 14 34 61 
7 23 1 95 22 13 24 22 73 56 42 31 28 68 95 18 52 0 52 47 86 85 74 70 49 14 21 19 28 55 81 27 74 88 35 89 2 93 70 1 90 64 13 2 57 71 1 87 15 5 35 54 90 9 76 40 75 97 11 56 4 92 35 78 32 71 19 34 16 89 87 58 53 0 60 10 24 62 50 39 67 85 93 10 46 69 2 21 18 13 29 74 58 65 4 90 88 23 77 4 13 64 63 18 17 23 81 41 37 31 
82 70 70 61 90 26 53 85 24 81 62 21 39 55 32 74 30 52 0 60 26 85 24 89 56 41 65 37 34 2 20 67 59 88 93 78 54 92 47 41 10 82 10 55 22 92 52 57 14 24 17 93 62 94 34 70 87 99 59 22 54 31 89 65 19 34 44 25 78 91 66 89 73 77 96 48 21 0 5 88 76 75 81 90 69 15 60 56 67 71 78 21 2 19 86 21 53 82 98 32 26 65 73 51 94 69 99 67 21 57 
94 91 56 1 29 48 61 3 58 78 6 33 84 42 3 67 12 47 60 0 45 95 63 18 46 57 39 46 25 60 55 32 9 87 73 97 40 29 50 49 4 22 89 52 48 97 38 48 10 7 95 7 2 10 77 49 20 16 47 97 28 2 29 37 41 2 87 81 83 37 82 39 11 72 43 59 21 82 60 83 89 55 90 92 17 67 93 37 35 40 34 15 42 16 52 35 18 91 68 54 80 50 93 43 74 89 55 95 71 15 
26 52 71 34 1 2 46 44 65 52 43 74 85 9 14 81 8 86 26 45 0 66 37 49 9 11 38 64 59 61 79 89 74 53 58 30 93 97 28 22 20 69 85 9 53 17 3 71 67 89 58 23 7 47 24 16 10 15 33 69 76 64 11 50 18 69 81 63 18 61 85 38 30 22 0 35 39 3 7 6 92 17 81 99 64 6 68 26 21 53 48 97 17 59 0 87 80 81 50 98 94 87 89 76 10 89 12 49 92 19 
61 3 8 1 74 34 96 17 12 82 83 92 48 11 26 67 65 85 85 95 66 0 8 57 69 18 46 33 20 90 4 28 79 92 17 68 96 65 76 27 81 38 5 47 21 95 65 39 64 64 12 32 57 21 89 79 91 35 64 11 78 69 91 57 61 61 77 10 26 54 37 59 44 94 59 65 89 24 56 54 41 69 86 98 42 76 29 85 63 94 97 41 63 40 51 76 1 28 86 79 82 75 91 78 70 2 95 11 78 52 
50 94 85 29 11 78 4 16 94 86 55 53 21 27 74 51 7 74 24 63 37 8 0 18 33 21 72 29 84 50 33 50 70 6 6 40 73 38 39 25 85 33 79 74 93 21 66 30 68 87 6 95 90 57 65 75 30 37 4 14 40 37 16 10 95 22 50 20 12 89 46 98 74 77 24 20 98 91 50 18 78 56 66 20 65 31 95 95 21 52 10 13 89 26 23 37 1 25 57 13 14 55 11 41 32 36 61 82 79 63 
43 18 36 61 79 84 76 76 22 83 46 38 29 49 55 21 73 70 89 18 49 57 18 0 44 52 39 57 35 18 20 36 27 44 55 8 34 5 85 19 29 13 66 65 83 91 77 90 18 13 55 58 16 75 61 12 79 53 69 14 71 42 50 51 86 5 59 20 63 44 91 44 10 57 61 45 49 38 36 67 4 43 77 72 70 38 85 49 91 54 64 15 48 66 18 35 24 77 7 87 74 99 31 36 56 92 81 57 83 69 
30 25 65 51 8 92 71 17 76 72 55 92 76 56 69 31 3 49 56 46 9 69 33 44 0 5 5 45 63 88 15 39 27 27 93 90 10 37 87 94 24 42 42 27 93 8 99 32 99 1 30 76 77 27 37 41 84 42 87 99 82 2 39 61 29 84 51 91 73 90 37 49 32 79 28 78 40 28 10 39 29 92 15 59 71 4 0 55 98 87 55 32 89 46 93 71 82 97 14 55 87 52 56 72 83 85 50 23 13 12 
53 93 77 13 96 53 98 90 62 82 39 90 39 35 56 54 68 14 41 57 11 18 21 52 5 0 70 25 83 35 37 46 29 93 28 83 72 14 89 7 51 82 0 21 65 40 36 71 61 48 44 90 51 68 75 75 76 97 52 60 32 90 58 61 35 38 96 60 52 85 19 56 68 19 29 85 59 65 9 21 65 53 63 16 73 90 43 50 87 96 62 19 38 72 80 25 62 29 37 14 14 56 22 34 28 51 20 87 68 81 
55 75 79 99 40 62 70 40 35 96 22 5 71 50 74 13 87 21 65 39 38 46 72 39 5 70 0 58 74 22 39 87 8 77 62 62 36 28 11 98 32 57 73 56 92 73 60 57 34 97 8 62 48 15 13 34 2 67 44 28 89 35 15 49 12 30 11 49 10 23 47 42 32 72 98 76 45 10 34 80 7 42 94 56 9 7 42 63 26 87 91 16 22 59 17 35 89 29 36 51 4 83 93 36 7 44 12 53 6 46 
80 1 99 73 69 17 3 57 24 93 73 53 85 63 67 95 27 19 37 46 64 33 29 57 45 25 58 0 0 55 35 85 21 75 17 47 77 56 63 41 73 71 97 7 1 64 10 18 72 42 71 31 78 59 36 2 54 84 38 55 91 25 92 64 53 9 11 30 17 27 71 43 98 21 50 99 85 12 17 58 54 88 41 84 47 77 86 53 62 76 8 5 54 53 70 7 14 33 37 32 60 60 75 58 81 77 57 19 89 26 
23 97 69 56 13 50 17 48 28 5 66 8 82 84 43 61 94 28 34 25 59 20 84 35 63 83 74 0 0 24 30 85 19 44 56 50 10 4 19 77 66 64 56 85 64 37 75 22 84 98 18 63 33 26 21 27 15 4 31 24 80 13 61 51 9 69 53 19 25 72 48 43 36 5 29 52 94 4 75 78 54 93 93 87 71 14 67 86 70 50 10 2 63 24 53 72 93 58 44 19 30 92 62 66 97 43 19 91 47 46 
4 26 71 93 81 32 54 81 22 94 74 76 17 98 44 42 92 55 2 60 61 90 50 18 88 35 22 55 24 0 85 52 10 76 19 3 38 51 15 38 6 77 49 62 6 84 24 8 65 43 5 64 45 43 78 13 31 36 52 62 41 89 14 51 65 85 7 55 37 22 93 43 52 95 57 58 31 81 66 96 77 24 61 22 67 39 87 50 75 91 12 68 80 79 72 97 64 79 4 1 1 49 96 5 44 54 64 76 87 82 
79 15 3 55 38 43 17 26 8 60 4 89 89 83 52 66 38 81 20 55 79 4 33 20 15 37 39 35 30 85 0 4 96 92 41 87 18 18 64 46 23 85 87 48 37 59 45 87 48 73 92 38 2 99 76 89 51 69 40 30 1 26 86 97 70 28 84 40 98 1 86 21 86 26 21 23 85 66 62 85 91 55 23 94 54 0 35 57 69 28 40 22 6 26 19 76 54 56 16 53 57 2 26 95 28 48 70 66 66 33 
25 84 21 17 39 26 95 87 25 68 93 68 89 80 43 54 57 27 67 32 89 28 50 36 39 46 87 85 85 52 4 0 85 97 53 41 43 80 32 47 80 52 91 2 77 62 43 31 39 93 0 21 51 24 29 5 29 90 29 51 65 38 77 2 35 30 43 78 10 75 26 42 27 17 44 57 31 40 40 22 85 40 43 36 17 25 93 46 15 74 97 32 12 27 34 47 57 29 26 20 4 4 62 84 73 59 93 5 99 33 
22 11 2 63 16 77 33 43 36 8 34 17 40 9 45 71 47 74 59 9 74 79 70 27 27 29 8 21 19 10 96 85 0 6 19 79 48 19 97 89 34 90 27 33 95 44 66 99 18 80 30 13 51 16 22 5 76 90 53 93 9 85 90 16 91 9 95 40 29 93 81 15 35 60 1 30 4 67 81 74 0 11 39 51 80 61 8 8 3 61 54 64 99 44 80 90 5 76 82 86 21 63 2 56 23 3 38 79 22 19 
45 46 15 37 50 33 87 77 26 43 5 77 31 55 45 95 50 88 88 87 53 92 6 44 27 93 77 75 44 76 92 97 6 0 49 1 24 8 39 47 23 38 77 2 37 50 61 30 81 49 5 99 57 44 18 74 11 93 28 9 42 2 13 17 11 62 18 35 23 57 35 98 96 12 0 85 14 13 15 96 62 72 95 72 17 65 46 80 10 74 89 52 29 54 70 92 16 40 28 91 98 15 89 46 27 41 83 93 55 50 
51 49 1 23 85 28 24 5 84 99 36 80 61 64 29 78 5 35 93 73 58 17 6 55 93 28 62 17 56 19 41 53 19 49 0 79 82 43 71 6 7 37 70 76 84 41 67 23 28 99 43 6 80 29 26 12 43 88 26 2 56 91 2 94 82 39 26 16 34 97 74 42 34 97 70 70 38 90 93 66 89 88 72 21 18 99 33 61 39 60 63 95 3 65 42 37 57 68 53 91 17 28 85 51 25 8 21 63 98 66 
49 80 20 86 8 9 50 19 98 85 24 24 65 5 70 97 85 89 78 97 30 68 40 8 90 83 62 47 50 3 87 41 79 1 79 0 44 14 64 30 58 74 83 1 87 50 34 37 77 87 92 48 9 76 5 82 36 21 28 12 88 92 68 93 12 78 11 8 93 27 39 3 1 22 4 88 24 90 77 54 77 70 2 38 46 59 20 34 33 0 46 73 92 15 66 56 93 30 65 38 9 56 41 11 30 45 51 7 35 29 
99 21 70 46 71 14 64 22 47 56 8 91 67 90 0 65 89 2 54 40 93 96 73 34 10 72 36 77 10 38 18 43 48 24 82 44 0 49 57 26 61 83 60 46 54 9 2 82 3 35 78 36 30 79 63 88 62 87 50 4 46 92 59 74 86 29 5 28 31 62 6 92 97 66 91 52 75 93 86 31 80 64 67 63 95 82 3 9 69 53 13 68 46 72 42 32 54 99 12 37 13 19 29 11 37 72 15 13 65 53 
34 37 91 42 80 94 24 74 59 97 43 43 49 5 23 35 66 93 92 29 97 65 38 5 37 14 28 56 4 51 18 80 19 8 43 14 49 0 54 87 19 24 27 58 92 39 92 44 10 78 61 65 77 96 2 39 69 64 16 7 91 46 41 68 45 91 58 10 90 12 97 61 89 76 20 33 67 64 30 77 94 91 43 71 87 97 10 9 61 78 16 4 24 58 72 22 1 30 32 43 95 29 5 36 57 77 69 24 41 99 
73 12 48 7 71 95 87 81 52 40 78 4 2 83 21 34 67 70 47 50 28 76 39 85 87 89 11 63 19 15 64 32 97 39 71 64 57 54 0 39 51 67 98 63 96 68 52 99 38 72 82 4 86 46 75 89 67 23 61 13 65 32 12 94 98 61 87 98 4 2 37 55 22 88 70 70 8 23 70 46 95 52 3 33 99 78 22 18 2 83 83 19 68 48 13 66 9 53 17 13 55 54 20 29 94 42 0 2 65 70 
62 27 46 87 80 56 3 67 77 27 89 51 41 85 55 60 78 1 41 49 22 27 25 19 94 7 98 41 77 38 46 47 89 47 6 30 26 87 39 0 43 68 60 50 92 40 23 35 76 49 42 30 83 8 51 46 69 67 9 84 1 46 0 47 57 20 43 94 26 7 27 69 28 40 20 72 80 95 7 8 45 2 38 28 10 42 26 31 9 87 15 62 33 15 61 90 87 4 37 14 64 64 83 92 56 55 64 36 51 72 
13 96 0 24 95 0 85 37 54 52 11 88 58 48 97 48 80 90 10 4 20 81 85 29 24 51 32 73 66 6 23 80 34 23 7 58 61 19 51 43 0 17 86 25 43 89 40 12 79 12 69 32 99 91 72 27 22 67 23 89 14 91 53 8 33 56 31 15 37 59 66 57 77 4 83 72 93 75 36 72 39 58 56 39 49 28 18 71 48 41 12 62 32 17 22 17 74 53 84 11 13 2 21 42 6 56 66 51 31 55 
86 23 66 20 92 25 94 48 40 73 83 37 16 24 59 15 3 64 82 22 69 38 33 13 42 82 57 71 64 77 85 52 90 38 37 74 83 24 67 68 17 0 51 36 77 71 34 55 13 37 69 19 57 86 97 19 10 32 47 85 98 83 36 39 31 71 46 46 72 85 47 33 53 51 22 30 22 56 37 88 45 6 59 2 93 56 21 55 88 20 40 38 3 28 29 87 51 75 33 23 12 33 9 65 84 31 47 58 39 84 
89 21 19 32 64 0 11 39 76 64 24 94 52 29 30 14 4 13 10 89 85 5 79 66 42 0 73 97 56 49 87 91 27 77 70 83 60 27 98 60 86 51 0 4 32 36 27 58 2 25 22 44 39 70 95 19 3 77 47 46 98 11 83 7 18 30 54 61 39 64 51 51 58 72 55 90 60 82 1 62 59 23 7 99 45 2 18 48 32 17 94 30 28 30 90 46 60 44 59 0 9 10 3 67 34 58 57 94 93 58 
54 31 17 84 4 52 74 39 95 72 78 11 67 3 73 94 78 2 55 52 9 47 74 65 27 21 56 7 85 62 48 2 33 2 76 1 46 58 63 50 25 36 4 0 20 41 91 39 10 15 69 30 95 9 54 95 84 36 4 58 11 71 88 90 72 39 73 4 12 82 64 39 31 1 4 3 43 47 94 5 62 63 35 10 25 89 5 9 77 61 67 40 32 8 83 5 99 8 9 11 91 25 2 74 27 58 77 22 6 72 
65 54 13 73 69 74 20 60 42 39 32 59 71 55 33 77 18 57 22 48 53 21 93 83 93 65 92 1 64 6 37 77 95 37 84 87 54 92 96 92 43 77 32 20 0 5 92 40 57 9 40 21 70 13 39 52 65 63 64 39 46 0 40 49 24 7 82 60 31 55 70 88 29 73 71 83 30 15 76 40 76 16 13 46 29 52 51 46 15 67 85 13 20 77 62 44 36 97 56 67 4 26 55 33 51 78 17 82 45 93 
13 36 2 29 77 70 72 12 88 52 15 97 22 91 33 99 7 71 92 97 17 95 21 91 8 40 73 64 37 84 59 62 44 50 41 50 9 39 68 40 89 71 36 41 5 0 95 20 40 27 35 46 15 28 11 36 73 55 75 99 45 58 52 8 3 91 92 89 22 0 64 11 50 11 72 64 13 67 36 53 46 72 51 61 52 62 50 25 18 25 25 15 35 77 23 90 20 16 32 42 16 96 5 18 59 77 82 72 97 19 
54 19 97 98 92 76 41 67 55 1 0 53 29 73 82 36 15 1 52 38 3 65 66 77 99 36 60 10 75 24 45 43 66 61 67 34 2 92 52 23 40 34 27 91 92 95 0 15 47 99 61 41 38 55 41 44 56 70 85 34 48 44 90 21 47 78 4 97 9 97 20 5 27 41 29 28 89 8 95 88 59 56 30 98 11 71 94 19 93 79 6 41 76 48 62 75 26 18 72 35 16 44 40 95 85 21 23 26 81 18 
32 44 84 31 82 25 40 47 61 20 14 61 1 79 49 50 38 87 57 48 71 39 30 90 32 71 57 18 22 8 87 31 99 30 23 37 82 44 99 35 12 55 58 39 40 20 15 0 47 2 25 27 8 13 46 58 38 39 34 89 61 29 55 28 1 69 86 63 50 33 85 92 50 25 40 59 80 7 93 80 9 18 7 18 84 5 28 22 44 14 64 57 43 19 85 45 88 23 8 38 57 93 83 59 18 75 18 51 82 63 
21 60 55 77 99 35 48 34 61 60 10 81 2 59 80 17 11 15 14 10 67 64 68 18 99 61 34 72 84 65 48 39 18 81 28 77 3 10 38 76 79 13 2 10 57 40 47 47 0 91 73 18 62 75 11 93 47 79 94 71 82 58 29 28 9 78 89 25 26 43 86 66 58 52 7 25 49 88 89 61 79 14 32 93 89 43 86 89 75 32 12 57 43 41 85 52 71 26 77 97 22 64 63 80 68 23 6 69 11 47 
36 41 68 60 34 3 94 52 79 34 14 74 68 80 66 11 98 5 24 7 89 64 87 13 1 48 97 42 98 43 73 93 80 49 99 87 35 78 72 49 12 37 25 15 9 27 99 2 91 0 64 67 19 15 49 28 34 7 42 22 75 56 41 86 84 74 80 16 13 0 92 33 78 72 95 6 3 84 40 3 28 4 70 99 20 71 27 6 78 22 29 54 78 22 40 63 96 72 31 9 24 23 94 2 47 41 61 50 77 1 
78 87 40 84 11 73 53 50 19 51 72 47 85 73 4 18 2 35 17 95 58 12 6 55 30 44 8 71 18 5 92 0 30 5 43 92 78 61 82 42 69 69 22 69 40 35 61 25 73 64 0 50 31 0 40 57 5 23 44 61 31 32 71 49 30 56 24 57 88 84 72 45 54 52 86 9 23 99 20 77 59 62 79 42 62 19 0 67 42 44 29 25 29 52 75 59 8 51 68 48 35 40 45 41 44 32 2 67 83 22 
47 64 79 11 53 38 94 78 26 12 5 7 40 21 94 50 72 54 93 7 23 32 95 58 76 90 62 31 63 64 38 21 13 99 6 48 36 65 4 30 32 19 44 30 21 46 41 27 18 67 50 0 46 28 67 71 5 4 99 1 23 49 41 89 35 8 91 20 73 81 71 78 5 21 1 90 22 68 97 82 31 96 97 77 77 17 49 82 73 0 36 48 49 77 37 36 38 80 57 11 62 80 90 19 54 43 9 76 11 58 
49 45 76 13 8 89 43 21 43 16 97 19 69 91 93 30 63 90 62 2 7 57 90 16 77 51 48 78 33 45 2 51 51 57 80 9 30 77 86 83 99 57 39 95 70 15 38 8 62 19 31 46 0 38 93 79 39 11 42 69 93 16 58 16 45 60 63 58 87 83 38 16 23 20 49 88 34 70 12 70 60 54 39 37 92 32 16 84 96 10 53 41 27 64 57 24 24 73 83 63 56 73 31 31 93 80 19 79 50 83 
28 33 25 13 74 51 57 66 13 37 27 0 59 0 79 69 9 9 94 10 47 21 57 75 27 68 15 59 26 43 99 24 16 44 29 76 79 96 46 8 91 86 70 9 13 28 55 13 75 15 0 28 38 0 87 19 80 78 74 93 71 16 56 75 45 59 83 8 87 6 37 36 7 91 99 65 80 33 4 82 64 60 62 0 58 49 19 38 79 45 31 51 61 39 78 58 98 61 18 37 19 56 73 26 47 72 43 27 58 48 
42 34 15 24 84 22 70 6 1 48 51 97 69 70 1 24 45 76 34 77 24 89 65 61 37 75 13 36 21 78 76 29 22 18 26 5 63 2 75 51 72 97 95 54 39 11 41 46 11 49 40 67 93 87 0 71 61 68 17 32 44 10 65 46 16 26 22 41 13 96 74 56 13 99 12 37 7 6 28 46 4 4 4 25 73 55 97 86 75 14 19 71 76 36 17 93 63 40 34 76 36 60 84 1 11 48 39 18 54 19 
80 22 94 64 68 82 66 38 19 88 5 11 97 48 14 61 18 40 70 49 16 79 75 12 41 75 34 2 27 13 89 5 5 74 12 82 88 39 89 46 27 19 19 95 52 36 44 58 93 28 57 71 79 19 71 0 11 84 73 7 62 10 19 50 18 0 27 80 9 36 78 20 49 83 6 89 32 36 49 39 98 16 80 33 50 45 93 61 81 19 20 43 29 39 45 99 40 72 80 1 61 58 73 10 42 32 51 26 68 52 
33 26 2 79 23 4 8 56 28 71 18 91 50 87 87 23 78 75 87 20 10 91 30 79 84 76 2 54 15 31 51 29 76 11 43 36 62 69 67 69 22 10 3 84 65 73 56 38 47 34 5 5 39 80 61 11 0 42 62 87 9 33 60 94 25 30 32 40 46 67 91 42 18 98 9 63 1 43 5 91 22 72 21 3 75 18 51 7 60 13 94 21 99 54 16 24 36 0 65 35 19 56 77 37 55 86 53 8 82 58 
98 9 47 24 24 36 41 46 36 44 26 2 93 72 75 89 32 97 99 16 15 35 37 53 42 97 67 84 4 36 69 90 90 93 88 21 87 64 23 67 67 32 77 36 63 55 70 39 79 7 23 4 11 78 68 84 42 0 17 2 40 37 97 40 41 64 3 54 74 77 33 91 79 27 85 8 39 23 89 9 9 38 73 11 16 8 18 26 5 87 80 45 25 77 37 18 93 40 72 20 18 57 11 49 84 48 58 75 71 47 
12 76 93 37 37 99 21 96 95 81 30 17 82 63 33 8 97 11 59 47 33 64 4 69 87 52 44 38 31 52 40 29 53 28 26 28 50 16 61 9 23 47 47 4 64 75 85 34 94 42 44 99 42 74 17 73 62 17 0 10 37 9 86 63 25 21 34 46 75 19 50 5 7 69 8 71 80 69 84 28 33 15 34 65 73 61 19 96 6 1 6 95 62 44 11 39 66 45 37 93 16 87 51 24 56 59 47 36 81 31 
57 76 23 35 36 6 25 4 56 28 85 51 32 71 30 36 24 56 22 97 69 11 14 14 99 60 28 55 24 62 30 51 93 9 2 12 4 7 13 84 89 85 46 58 39 99 34 89 71 22 61 1 69 93 32 7 87 2 10 0 52 74 85 91 21 81 61 39 41 81 24 71 56 87 68 48 20 45 48 93 97 93 96 91 70 31 3 87 58 81 80 10 56 17 1 29 50 62 68 91 95 44 15 3 32 83 3 4 80 3 
2 88 18 69 6 68 47 28 58 91 0 31 10 70 19 31 77 4 54 28 76 78 40 71 82 32 89 91 80 41 1 65 9 42 56 88 46 91 65 1 14 98 98 11 46 45 48 61 82 75 31 23 93 71 44 62 9 40 37 52 0 80 56 49 0 47 26 38 16 79 81 71 34 61 76 2 48 30 12 91 49 33 35 78 9 95 22 24 5 82 87 94 15 43 95 67 90 22 6 6 1 87 30 87 1 58 41 1 88 6 
91 43 48 44 27 95 38 22 4 93 86 58 23 98 85 26 35 92 31 2 64 69 37 42 2 90 35 25 13 89 26 38 85 2 91 92 92 46 32 46 91 83 11 71 0 58 44 29 58 56 32 49 16 16 10 10 33 37 9 74 80 0 92 95 28 75 41 8 85 26 18 27 87 45 95 87 79 88 47 15 77 23 7 67 0 90 46 35 74 6 76 42 55 20 89 35 95 31 43 80 9 14 59 96 11 6 35 42 94 34 
82 60 44 53 76 32 72 43 33 97 78 19 21 52 73 90 33 35 89 29 11 91 16 50 39 58 15 92 61 14 86 77 90 13 2 68 59 41 12 0 53 36 83 88 40 52 90 55 29 41 71 41 58 56 65 19 60 97 86 85 56 92 0 98 77 93 1 24 82 46 69 0 39 40 46 91 56 56 81 12 67 61 45 34 92 10 7 37 64 72 39 2 12 7 0 89 52 53 13 35 0 35 87 91 75 33 83 31 42 64 
76 99 72 85 74 98 32 23 94 51 86 0 2 31 65 54 24 78 65 37 50 57 10 51 61 61 49 64 51 51 97 2 16 17 94 93 74 68 94 47 8 39 7 90 49 8 21 28 28 86 49 89 16 75 46 50 94 40 63 91 49 95 98 0 31 5 58 99 35 81 79 83 31 61 53 71 52 95 42 54 64 11 4 12 59 39 77 15 44 44 8 61 80 87 51 11 93 10 62 80 91 41 63 74 2 68 97 55 16 40 
89 89 64 81 77 28 26 51 82 36 91 35 54 54 30 73 38 32 19 41 18 61 95 86 29 35 12 53 9 65 70 35 91 11 82 12 86 45 98 57 33 31 18 72 24 3 47 1 9 84 30 35 45 45 16 18 25 41 25 21 0 28 77 31 0 65 41 20 31 46 3 99 70 24 81 43 23 30 78 92 8 36 11 5 11 49 1 5 73 93 26 99 21 87 61 40 4 54 13 36 0 68 35 22 93 16 18 68 47 48 
86 61 97 28 13 61 96 1 17 48 67 51 35 16 2 20 39 71 34 2 69 61 22 5 84 38 30 9 69 85 28 30 9 62 39 78 29 91 61 20 56 71 30 39 7 91 78 69 78 74 56 8 60 59 26 0 30 64 21 81 47 75 93 5 65 0 47 3 69 46 95 99 8 67 77 3 8 14 23 72 66 86 47 83 56 67 39 82 1 4 80 48 26 10 63 41 0 10 44 69 56 40 68 64 59 98 19 67 64 95 
77 31 92 23 82 59 83 42 92 37 10 24 67 37 87 3 61 19 44 87 81 77 50 59 51 96 11 11 53 7 84 43 95 18 26 11 5 58 87 43 31 46 54 73 82 92 4 86 89 80 24 91 63 83 22 27 32 3 34 61 26 41 1 58 41 47 0 15 52 97 87 53 32 68 61 60 64 43 22 32 58 11 89 61 22 56 74 62 34 12 4 31 74 86 35 94 49 6 9 53 55 48 7 88 68 20 0 32 64 23 
88 63 86 79 48 42 42 26 29 92 99 79 73 44 82 39 79 34 25 81 63 10 20 20 91 60 49 30 19 55 40 78 40 35 16 8 28 10 98 94 15 46 61 4 60 89 97 63 25 16 57 20 58 8 41 80 40 54 46 39 38 8 24 99 20 3 15 0 17 94 77 68 55 29 3 69 49 57 26 84 93 43 42 9 64 26 3 61 62 70 67 60 89 50 96 95 17 8 0 34 2 29 3 10 58 58 31 8 68 58 
20 99 88 22 45 55 73 27 28 97 10 46 36 74 77 55 57 16 78 83 18 26 12 63 73 52 10 17 25 37 98 10 29 23 34 93 31 90 4 26 37 72 39 12 31 22 9 50 26 13 88 73 87 87 13 9 46 74 75 41 16 85 82 35 31 69 52 17 0 84 90 30 26 97 87 5 4 30 69 76 69 69 1 61 35 32 12 77 29 59 56 60 10 16 85 68 46 27 3 11 63 45 41 42 42 28 47 46 59 16 
50 95 92 30 53 54 22 75 44 77 41 80 69 72 8 89 28 89 91 37 61 54 89 44 90 85 23 27 72 22 1 75 93 57 97 27 62 12 2 7 59 85 64 82 55 0 97 33 43 0 84 81 83 6 96 36 67 77 19 81 79 26 46 81 46 46 97 94 84 0 31 63 52 45 51 94 85 75 36 50 12 29 47 79 21 72 18 4 55 27 76 55 76 12 3 2 88 92 78 65 29 61 80 81 6 83 27 43 58 64 
2 90 33 66 80 50 97 93 59 71 88 82 67 81 37 99 9 87 66 82 85 37 46 91 37 19 47 71 48 93 86 26 81 35 74 39 6 97 37 27 66 47 51 64 70 64 20 85 86 92 72 71 38 37 74 78 91 33 50 24 81 18 69 79 3 95 87 77 90 31 0 20 45 80 97 11 59 57 8 95 41 62 0 33 86 54 10 38 94 5 10 77 80 99 74 82 94 93 28 66 1 41 86 98 22 36 62 33 93 70 
85 95 89 46 40 8 58 64 82 49 21 35 94 22 26 56 37 58 89 39 38 59 98 44 49 56 42 43 43 43 21 42 15 98 42 3 92 61 55 69 57 33 51 39 88 11 5 92 66 33 45 78 16 36 56 20 42 91 5 71 71 27 0 83 99 99 53 68 30 63 20 0 53 12 69 3 23 23 6 47 55 43 7 65 55 85 4 16 21 82 60 57 21 70 82 55 76 17 51 13 92 71 13 45 83 82 0 6 6 6 
37 19 58 50 98 31 68 24 37 2 76 18 38 48 67 56 83 53 73 11 30 44 74 10 32 68 32 98 36 52 86 27 35 96 34 1 97 89 22 28 77 53 58 31 29 50 27 50 58 78 54 5 23 7 13 49 18 79 7 56 34 87 39 31 70 8 32 55 26 52 45 53 0 82 18 2 43 77 29 37 69 56 33 34 56 88 22 11 40 85 80 92 76 21 57 99 99 64 14 66 43 95 42 15 77 13 69 20 42 50 
92 11 4 50 45 50 60 32 87 35 65 76 19 10 19 65 14 0 77 72 22 94 77 57 79 19 72 21 5 95 26 17 60 12 97 22 66 76 88 40 4 51 72 1 73 11 41 25 52 72 52 21 20 91 99 83 98 27 69 87 61 45 40 61 24 67 68 29 97 45 80 12 82 0 76 55 63 82 17 54 24 34 90 54 96 66 83 34 98 34 72 28 56 20 20 60 71 23 10 9 9 84 9 39 39 37 95 54 19 64 
39 26 58 30 96 12 32 55 30 74 51 98 13 26 51 2 15 60 96 43 0 59 24 61 28 29 98 50 29 57 21 44 1 0 70 4 91 20 70 20 83 22 55 4 71 72 29 40 7 95 86 1 49 99 12 6 9 85 8 68 76 95 46 53 81 77 61 3 87 51 97 69 18 76 0 43 18 70 31 95 16 70 35 19 90 99 67 36 20 59 61 23 7 74 2 63 28 7 24 43 71 73 87 13 68 60 56 38 82 39 
54 73 72 23 67 5 88 84 31 41 61 29 61 3 52 33 1 10 48 59 35 65 20 45 78 85 76 99 52 58 23 57 30 85 70 88 52 33 70 72 72 30 90 3 83 64 28 59 25 6 9 90 88 65 37 89 63 8 71 48 2 87 91 71 43 3 60 69 5 94 11 3 2 55 43 0 80 19 97 25 87 16 20 6 60 4 40 91 34 97 53 96 66 77 89 55 89 85 20 6 22 98 73 99 90 8 27 70 80 76 
57 0 58 80 22 72 32 45 75 39 80 26 93 53 52 64 21 24 21 21 39 89 98 49 40 59 45 85 94 31 85 31 4 14 38 24 75 67 8 80 93 22 60 43 30 13 89 80 49 3 23 22 34 80 7 32 1 39 80 20 48 79 56 52 23 8 64 49 4 85 59 23 43 63 18 80 0 44 54 44 61 46 41 87 44 90 20 44 51 40 63 57 71 1 75 63 81 31 21 28 37 88 4 62 23 64 33 1 60 88 
93 97 56 81 40 89 73 22 85 75 3 51 43 51 85 38 83 62 0 82 3 24 91 38 28 65 10 12 4 81 66 40 67 13 90 90 93 64 23 95 75 56 82 47 15 67 8 7 88 84 99 68 70 33 6 36 43 23 69 45 30 88 56 95 30 14 43 57 30 75 57 23 77 82 70 19 44 0 29 13 75 54 89 30 4 22 87 99 29 29 96 73 0 92 74 29 25 99 3 27 79 92 81 41 39 81 79 33 43 61 
86 69 8 7 1 30 28 83 93 14 75 43 62 35 54 35 91 50 5 60 7 56 50 36 10 9 34 17 75 66 62 40 81 15 93 77 86 30 70 7 36 37 1 94 76 36 95 93 89 40 20 97 12 4 28 49 5 89 84 48 12 47 81 42 78 23 22 26 69 36 8 6 29 17 31 97 54 29 0 79 73 60 87 56 61 95 54 99 36 47 59 6 47 41 75 25 79 96 49 37 63 97 6 44 82 3 15 22 67 77 
78 60 66 9 74 8 81 79 88 99 42 59 95 13 85 34 33 39 88 83 6 54 18 67 39 21 80 58 78 96 85 22 74 96 66 54 31 77 46 8 72 88 62 5 40 53 88 80 61 3 77 82 70 82 46 39 91 9 28 93 91 15 12 54 92 72 32 84 76 50 95 47 37 54 95 25 44 13 79 0 97 20 97 37 63 38 38 14 61 17 48 84 2 17 98 79 12 59 56 68 67 79 58 82 12 62 2 55 38 9 
82 38 24 93 74 44 20 27 16 9 17 78 63 31 52 49 33 67 76 89 92 41 78 4 29 65 7 54 54 77 91 85 0 62 89 77 80 94 95 45 39 45 59 62 76 46 59 9 79 28 59 31 60 64 4 98 22 9 33 97 49 77 67 64 8 66 58 93 69 12 41 55 69 24 16 87 61 75 73 97 0 6 76 15 80 42 83 23 42 43 40 67 5 23 52 51 13 78 78 44 55 47 6 23 70 79 17 75 40 54 
64 57 48 43 12 55 81 33 64 65 47 90 99 8 58 53 93 85 75 55 17 69 56 43 92 53 42 88 93 24 55 40 11 72 88 70 64 91 52 2 58 6 23 63 16 72 56 18 14 4 62 96 54 60 4 16 72 38 15 93 33 23 61 11 36 86 11 43 69 29 62 43 56 34 70 16 46 54 60 20 6 0 57 58 41 41 16 71 7 45 53 96 53 1 86 0 51 16 83 36 15 65 30 1 58 21 2 43 61 91 
77 24 45 20 27 98 27 10 67 64 48 18 35 86 79 36 57 93 81 90 81 86 66 77 15 63 94 41 93 61 23 43 39 95 72 2 67 43 3 38 56 59 7 35 13 51 30 7 32 70 79 97 39 62 4 80 21 73 34 96 35 7 45 4 11 47 89 42 1 47 0 7 33 90 35 20 41 89 87 97 76 57 0 31 57 91 22 85 75 59 12 18 38 11 93 90 55 26 38 61 12 32 9 97 20 19 25 13 53 92 
31 35 52 6 34 85 15 48 59 77 67 49 32 23 45 31 96 10 90 92 99 98 20 72 59 16 56 84 87 22 94 36 51 72 21 38 63 71 33 28 39 2 99 10 46 61 98 18 93 99 42 77 37 0 25 33 3 11 65 91 78 67 34 12 5 83 61 9 61 79 33 65 34 54 19 6 87 30 56 37 15 58 31 0 72 16 77 61 44 72 95 75 37 45 4 5 36 3 67 38 19 3 50 61 2 34 26 18 53 52 
45 42 26 9 38 6 91 52 30 54 27 42 10 61 89 74 55 46 69 17 64 42 65 70 71 73 9 47 71 67 54 17 80 17 18 46 95 87 99 10 49 93 45 25 29 52 11 84 89 20 62 77 92 58 73 50 75 16 73 70 9 0 92 59 11 56 22 64 35 21 86 55 56 96 90 60 44 4 61 63 80 41 57 72 0 77 93 26 94 77 34 30 26 51 78 12 73 42 81 24 5 93 16 19 6 88 31 72 86 90 
72 10 12 44 63 72 50 16 68 12 51 15 57 56 81 60 2 69 15 67 6 76 31 38 4 90 7 77 14 39 0 25 61 65 99 59 82 97 78 42 28 56 2 89 52 62 71 5 43 71 19 17 32 49 55 45 18 8 61 31 95 90 10 39 49 67 56 26 32 72 54 85 88 66 99 4 90 22 95 38 42 41 91 16 77 0 77 76 55 35 85 48 69 19 89 4 37 1 17 72 2 66 1 43 47 86 97 3 13 53 
63 10 46 70 2 19 33 39 30 65 72 60 29 23 59 92 14 2 60 93 68 29 95 85 0 43 42 86 67 87 35 93 8 46 33 20 3 10 22 26 18 21 18 5 51 50 94 28 86 27 0 49 16 19 97 93 51 18 19 3 22 46 7 77 1 39 74 3 12 18 10 4 22 83 67 40 20 87 54 38 83 16 22 77 93 77 0 61 94 89 85 46 47 26 10 89 38 64 64 25 69 47 47 62 7 16 11 23 84 82 
78 69 80 88 61 10 99 60 58 26 45 85 60 48 76 97 85 21 56 37 26 85 95 49 55 50 63 53 86 50 57 46 8 80 61 34 9 9 18 31 71 55 48 9 46 25 19 22 89 6 67 82 84 38 86 61 7 26 96 87 24 35 37 15 5 82 62 61 77 4 38 16 11 34 36 91 44 99 99 14 23 71 85 61 26 76 61 0 22 7 94 23 70 14 30 21 33 70 70 75 5 90 68 92 36 31 36 43 96 75 
70 19 59 20 88 8 43 15 4 8 77 17 50 80 8 1 86 18 67 35 21 63 21 91 98 87 26 62 70 75 69 15 3 10 39 33 69 61 2 9 48 88 32 77 15 18 93 44 75 78 42 73 96 79 75 81 60 5 6 58 5 74 64 44 73 1 34 62 29 55 94 21 40 98 20 34 51 29 36 61 42 7 75 44 94 55 94 22 0 53 5 43 13 48 98 53 4 20 45 15 59 55 43 79 79 85 60 39 60 4 
75 86 92 59 92 71 54 87 25 98 2 29 63 86 44 53 12 13 71 40 53 94 52 54 87 96 87 76 50 91 28 74 61 74 60 0 53 78 83 87 41 20 17 61 67 25 79 14 32 22 44 0 10 45 14 19 13 87 1 81 82 6 72 44 93 4 12 70 59 27 5 82 85 34 59 97 40 29 47 17 43 45 59 72 77 35 89 7 53 0 81 39 31 43 57 94 92 82 8 8 16 52 99 59 66 16 78 87 10 42 
87 97 4 23 50 69 76 17 66 54 30 36 45 20 6 86 61 29 78 34 48 97 10 64 55 62 91 8 10 12 40 97 54 89 63 46 13 16 83 15 12 40 94 67 85 25 6 64 12 29 29 36 53 31 19 20 94 80 6 80 87 76 39 8 26 80 4 67 56 76 10 60 80 72 61 53 63 96 59 48 40 53 12 95 34 85 85 94 5 81 0 88 78 25 78 54 42 41 34 5 78 48 74 22 63 59 90 85 66 47 
24 7 30 42 46 28 90 95 14 51 29 0 12 50 28 84 63 74 21 15 97 41 13 15 32 19 16 5 2 68 22 32 64 52 95 73 68 4 19 62 62 38 30 40 13 15 41 57 57 54 25 48 41 51 71 43 21 45 95 10 94 42 2 61 99 48 31 60 60 55 77 57 92 28 23 96 57 73 6 84 67 96 18 75 30 48 46 23 43 39 88 0 67 28 22 17 28 49 95 89 17 79 64 62 36 97 45 55 9 39 
19 81 40 3 19 66 44 61 81 44 88 88 86 36 29 79 47 58 2 42 17 63 89 48 89 38 22 54 63 80 6 12 99 29 3 92 46 24 68 33 32 3 28 32 20 35 76 43 43 78 29 49 27 61 76 29 99 25 62 56 15 55 12 80 21 26 74 89 10 76 80 21 76 56 7 66 71 0 47 2 5 53 38 37 26 69 47 70 13 31 78 67 0 15 68 50 87 62 88 36 43 84 87 81 25 48 69 19 55 69 
22 57 0 28 78 1 0 60 99 3 61 7 18 24 79 28 94 65 19 16 59 40 26 66 46 72 59 53 24 79 26 27 44 54 65 15 72 58 48 15 17 28 30 8 77 77 48 19 41 22 52 77 64 39 36 39 54 77 44 17 43 20 7 87 87 10 86 50 16 12 99 70 21 20 74 77 1 92 41 17 23 1 11 45 51 19 26 14 48 43 25 28 15 0 85 72 71 49 82 85 69 82 20 51 49 42 60 80 91 25 
53 59 2 79 20 26 22 18 8 3 16 0 14 33 45 38 39 4 86 52 0 51 23 18 93 80 17 70 53 72 19 34 80 70 42 66 42 72 13 61 22 29 90 83 62 23 62 85 85 40 75 37 57 78 17 45 16 37 11 1 95 89 0 51 61 63 35 96 85 3 74 82 57 20 2 89 75 74 75 98 52 86 93 4 78 89 10 30 98 57 78 22 68 85 0 98 36 66 57 21 25 94 28 4 21 81 56 29 33 10 
60 71 4 36 49 46 22 65 15 80 80 75 92 90 11 53 85 90 21 35 87 76 37 35 71 25 35 7 72 97 76 47 90 92 37 56 32 22 66 90 17 87 46 5 44 90 75 45 52 63 59 36 24 58 93 99 24 18 39 29 67 35 89 11 40 41 94 95 68 2 82 55 99 60 63 55 63 29 25 79 51 0 90 5 12 4 89 21 53 94 54 17 50 72 98 0 65 81 98 2 55 64 88 91 3 51 36 74 84 76 
8 19 98 57 91 62 49 13 68 51 28 58 5 92 33 49 85 88 53 18 80 1 1 24 82 62 89 14 93 64 54 57 5 16 57 93 54 1 9 87 74 51 60 99 36 20 26 88 71 96 8 38 24 98 63 40 36 93 66 50 90 95 52 93 4 0 49 17 46 88 94 76 99 71 28 89 81 25 79 12 13 51 55 36 73 37 38 33 4 92 42 28 87 71 36 65 0 3 0 13 0 24 96 32 23 95 81 63 9 2 
30 90 95 2 2 37 57 12 52 40 78 77 34 22 84 93 0 23 82 91 81 28 25 77 97 29 29 33 58 79 56 29 76 40 68 30 99 30 53 4 53 75 44 8 97 16 18 23 26 72 51 80 73 61 40 72 0 40 45 62 22 31 53 10 54 10 6 8 27 92 93 17 64 23 7 85 31 99 96 59 78 16 26 3 42 1 64 70 20 82 41 49 62 49 66 81 3 0 59 29 33 4 74 81 5 95 53 98 26 57 
0 86 91 16 97 41 16 91 97 25 79 54 18 86 94 92 17 77 98 68 50 86 57 7 14 37 36 37 44 4 16 26 82 28 53 65 12 32 17 37 84 33 59 9 56 32 72 8 77 31 68 57 83 18 34 80 65 72 37 68 6 43 13 62 13 44 9 0 3 78 28 51 14 10 24 20 21 3 49 56 78 83 38 67 81 17 64 70 45 8 34 95 88 82 57 98 0 59 0 59 23 82 96 66 88 57 95 27 1 89 
28 18 86 79 37 70 22 40 96 49 90 57 41 18 62 4 42 4 32 54 98 79 13 87 55 14 51 32 19 1 53 20 86 91 91 38 37 43 13 14 11 23 0 11 67 42 35 38 97 9 48 11 63 37 76 1 35 20 93 91 6 80 35 80 36 69 53 34 11 65 66 13 66 9 43 6 28 27 37 68 44 36 61 38 24 72 25 75 15 8 5 89 36 85 21 2 13 29 59 0 30 98 82 51 25 23 41 74 34 54 
33 38 39 32 8 91 31 88 49 69 71 57 55 94 92 82 81 13 26 80 94 82 14 74 87 14 4 60 30 1 57 4 21 98 17 9 13 95 55 64 13 12 9 91 4 16 16 57 22 24 35 62 56 19 36 61 19 18 16 95 1 9 0 91 0 56 55 2 63 29 1 92 43 9 71 22 37 79 63 67 55 15 12 19 5 2 69 5 59 16 78 17 43 69 25 55 0 33 23 30 0 29 14 7 1 70 24 11 47 91 
3 76 76 82 78 91 13 84 56 96 20 37 85 19 31 43 26 64 65 50 87 75 55 99 52 56 83 60 92 49 2 4 63 15 28 56 19 29 54 64 2 33 10 25 26 96 44 93 64 23 40 80 73 56 60 58 56 57 87 44 87 14 35 41 68 40 48 29 45 61 41 71 95 84 73 98 88 92 97 79 47 65 32 3 93 66 47 90 55 52 48 79 84 82 94 64 24 4 82 98 29 0 90 13 58 39 44 84 11 39 
14 65 27 26 29 30 80 5 31 50 64 92 87 41 88 12 31 63 73 93 89 91 11 31 56 22 93 75 62 96 26 62 2 89 85 41 29 5 20 83 21 9 3 2 55 5 40 83 63 94 45 90 31 73 84 73 77 11 51 15 30 59 87 63 35 68 7 3 41 80 86 13 42 9 87 73 4 81 6 58 6 30 9 50 16 1 47 68 43 99 74 64 87 20 28 88 96 74 96 82 14 90 0 57 97 27 10 61 14 37 
70 57 98 34 6 74 0 12 38 72 48 27 93 42 12 38 64 18 51 43 76 78 41 36 72 34 36 58 66 5 95 84 56 46 51 11 11 36 29 92 42 65 67 74 33 18 95 59 80 2 41 19 31 26 1 10 37 49 24 3 87 96 91 74 22 64 88 10 42 81 98 45 15 39 13 99 62 41 44 82 23 1 97 61 19 43 62 92 79 59 22 62 81 51 4 91 32 81 66 51 7 13 57 0 48 2 92 55 53 88 
47 40 32 33 23 94 73 68 95 84 85 65 56 81 3 61 40 17 94 74 10 70 32 56 83 28 7 81 97 44 28 73 23 27 25 30 37 57 94 56 6 84 34 27 51 59 85 18 68 47 44 54 93 47 11 42 55 84 56 32 1 11 75 2 93 59 68 58 42 6 22 83 77 39 68 90 23 39 82 12 70 58 20 2 6 47 7 36 79 66 63 36 25 49 21 3 23 5 88 25 1 58 97 48 0 84 72 78 52 14 
5 91 86 8 78 42 64 12 61 24 15 90 1 67 91 14 99 23 69 89 89 2 36 92 85 51 44 77 43 54 48 59 3 41 8 45 72 77 42 55 56 31 58 58 78 77 21 75 23 41 32 43 80 72 48 32 86 48 59 83 58 6 33 68 16 98 20 58 28 83 36 82 13 37 60 8 64 81 3 62 79 21 19 34 88 86 16 31 85 16 59 97 48 42 81 51 95 95 57 23 70 39 27 2 84 0 92 78 98 27 
76 82 22 9 25 80 88 48 21 65 9 57 6 98 64 23 18 81 99 55 12 95 61 81 50 20 12 57 19 64 70 93 38 83 21 51 15 69 0 64 66 47 57 77 17 82 23 18 6 61 2 9 19 43 39 51 53 58 47 3 41 35 83 97 18 19 0 31 47 27 62 0 69 95 56 27 33 79 15 2 17 2 25 26 31 97 11 36 60 78 90 45 69 60 56 36 81 53 95 41 24 44 10 92 72 92 0 94 30 76 
4 92 43 65 97 66 6 13 23 75 17 43 49 35 7 25 14 41 67 95 49 11 82 57 23 87 53 19 91 76 66 5 79 93 63 7 13 24 2 36 51 58 94 22 82 72 26 51 69 50 67 76 79 27 18 26 8 75 36 4 1 42 31 55 68 67 32 8 46 43 33 6 20 54 38 70 1 33 22 55 75 43 13 18 72 3 23 43 39 87 85 55 19 80 29 74 63 98 27 74 11 84 61 55 78 78 94 0 93 79 
51 40 94 41 18 83 89 35 98 51 71 93 96 18 77 53 34 37 21 71 92 78 79 83 13 68 6 89 47 87 66 99 22 55 98 35 65 41 65 51 31 39 93 6 45 97 81 82 11 77 83 11 50 58 54 68 82 71 81 80 88 94 42 16 47 64 64 68 59 58 93 6 42 19 82 80 60 43 67 38 40 61 53 53 86 13 84 96 60 10 66 9 55 91 33 84 9 26 1 34 47 11 14 53 52 98 30 93 0 8 
62 3 30 16 26 62 17 32 66 31 36 52 20 33 18 59 61 31 57 15 19 52 63 69 12 81 46 26 46 82 33 33 19 50 66 29 53 99 70 72 55 84 58 72 93 19 18 63 47 1 22 58 83 48 19 52 58 47 31 3 6 34 64 40 48 95 23 58 16 64 70 6 50 64 39 76 88 61 77 9 54 91 92 52 90 53 82 75 4 42 47 39 69 25 10 76 2 57 89 54 91 39 37 88 14 27 76 79 8 0 
