130
0 25 4 0 22 55 68 23 55 66 1 80 21 69 65 88 42 95 2 69 12 34 4 51 8 77 42 24 36 0 96 53 77 0 5 99 7 25 22 14 44 76 94 65 97 12 6 40 7 8 61 72 94 17 75 2 94 69 79 82 69 75 87 98 27 45 97 86 70 72 0 14 0 46 32 97 58 38 89 18 98 50 42 92 19 17 46 13 86 77 48 8 52 87 6 31 32 56 17 3 80 17 69 80 64 53 29 74 91 19 92 41 21 34 33 41 3 80 6 42 9 6 2 62 94 60 45 26 16 63 
25 0 32 51 28 48 4 10 23 48 29 67 89 2 2 23 43 5 55 2 99 64 8 1 78 2 62 76 81 30 39 62 79 23 13 59 72 70 69 47 18 98 14 59 53 16 82 96 74 89 50 25 6 59 27 36 13 89 12 46 71 3 9 50 27 74 10 99 96 79 46 14 30 60 26 35 29 60 31 55 50 34 80 8 45 59 44 10 48 9 57 20 12 66 22 39 92 32 90 89 64 36 55 46 49 81 81 30 42 64 37 44 98 17 4 95 77 0 6 77 9 63 49 22 81 72 61 25 56 52 
4 32 0 22 70 41 55 3 71 49 68 60 93 18 78 49 66 7 50 72 36 59 87 86 81 68 10 95 93 18 47 60 43 39 34 13 81 89 17 4 39 37 65 84 7 95 34 73 54 84 97 90 43 84 28 77 52 90 72 98 9 71 10 4 62 44 17 43 33 86 0 24 75 17 9 35 12 95 60 66 79 58 56 74 42 37 3 47 27 75 45 36 98 7 92 61 51 10 56 36 48 56 61 76 73 22 63 37 17 23 3 48 33 12 22 76 49 26 75 76 53 72 65 4 79 57 65 82 19 21 
0 51 22 0 48 55 5 11 93 74 86 48 22 20 12 97 96 61 23 71 90 28 43 7 32 74 16 97 56 36 71 26 8 53 10 56 8 15 19 1 90 5 2 12 25 14 9 73 28 84 96 70 65 91 77 97 65 93 47 21 81 70 0 41 23 10 97 31 25 16 85 67 74 39 80 99 53 41 25 33 78 21 3 43 13 32 92 30 78 39 4 59 9 4 1 84 14 50 16 39 19 53 7 93 92 39 92 97 32 69 83 62 91 86 57 56 19 50 86 49 41 90 60 3 94 61 87 8 64 55 
22 28 70 48 0 4 50 72 54 34 42 37 97 33 23 6 89 94 56 75 43 50 18 4 53 12 17 92 73 33 0 25 16 60 84 44 65 86 17 71 20 59 8 17 44 31 76 85 78 32 60 73 34 30 77 39 95 47 32 68 80 32 93 49 44 29 45 61 15 14 32 35 25 40 5 69 24 81 54 2 65 67 75 52 49 5 91 44 4 75 12 84 59 57 85 4 38 31 17 53 97 50 41 23 42 98 44 66 79 99 20 96 18 48 48 67 5 40 12 9 67 76 45 27 86 83 83 24 14 0 
55 48 41 55 4 0 21 31 63 52 82 36 48 0 36 49 19 41 41 83 2 8 12 47 35 98 30 70 74 96 71 56 60 25 79 46 70 0 77 86 52 59 22 53 11 58 2 83 51 95 66 53 3 30 52 91 80 35 61 55 83 84 63 43 10 43 42 32 95 71 70 0 31 44 5 94 54 59 77 5 54 96 10 9 78 63 0 59 50 14 66 33 50 29 29 12 24 71 97 72 42 67 72 25 64 77 72 18 88 49 24 42 97 86 51 76 49 4 87 51 70 53 85 72 34 66 37 59 37 34 
68 4 55 5 50 21 0 81 88 72 82 12 14 80 50 17 8 0 73 95 3 95 0 40 20 34 6 57 93 95 43 76 79 96 31 88 66 15 69 54 87 3 18 53 35 68 23 43 20 48 90 24 44 90 16 64 77 23 21 70 70 64 99 49 12 82 37 30 98 58 84 37 62 54 43 97 23 18 93 95 66 35 71 10 26 88 26 3 11 99 25 81 15 76 31 28 59 20 10 9 31 95 46 93 49 41 42 24 59 35 20 26 71 91 88 49 31 67 4 42 66 81 76 82 58 59 62 69 79 72 
23 10 3 11 72 31 81 0 97 29 85 17 7 8 61 48 9 92 15 13 87 81 47 63 15 57 74 29 26 53 54 4 16 73 80 23 94 50 21 44 32 59 61 39 19 74 87 29 19 54 94 58 88 41 73 3 98 47 85 76 52 39 80 20 12 13 44 59 15 65 3 47 76 16 87 96 43 26 77 14 81 71 24 21 65 97 24 63 96 61 40 48 0 72 69 65 37 13 24 53 30 79 0 59 47 39 7 42 18 84 56 51 55 32 72 20 29 48 36 77 10 28 26 62 52 47 27 90 12 3 
55 23 71 93 54 63 88 97 0 57 96 33 8 52 65 32 24 47 80 12 24 42 40 2 5 93 1 84 35 65 88 30 60 22 77 65 4 64 78 81 21 74 14 81 78 31 65 3 78 98 15 55 40 8 57 97 53 11 82 88 76 70 70 36 92 47 54 49 64 32 30 37 6 96 19 85 27 84 40 6 34 7 13 75 15 22 24 68 33 58 8 10 28 78 98 73 78 52 74 42 36 4 79 43 0 50 80 27 87 72 85 21 79 98 48 95 21 73 15 6 31 76 16 12 54 67 37 32 71 11 
66 48 49 74 34 52 72 29 57 0 7 84 17 38 34 65 33 7 38 1 14 22 77 82 86 83 1 23 68 73 86 94 33 53 0 36 72 9 23 70 4 82 6 21 20 93 87 54 0 77 7 66 51 84 1 37 67 2 12 87 27 98 82 60 3 82 48 27 91 71 50 96 53 56 69 74 1 56 80 54 86 87 20 37 23 21 27 42 76 39 30 3 38 12 64 93 46 12 21 90 36 71 86 89 79 7 15 81 16 95 35 2 34 7 91 57 29 18 52 57 10 82 60 0 46 24 93 92 89 14 
1 29 68 86 42 82 82 85 96 7 0 85 98 16 92 41 25 73 12 77 30 22 11 43 74 57 67 67 50 8 34 84 85 71 5 52 88 85 86 38 81 67 75 79 35 68 72 61 93 84 90 76 58 2 19 32 11 38 52 13 47 86 98 32 57 55 36 98 40 74 88 21 94 64 52 29 84 76 42 77 13 33 53 71 87 24 56 98 63 8 64 10 94 62 94 3 69 83 53 9 9 94 82 3 10 86 33 94 14 75 23 27 60 29 99 47 53 55 46 16 15 10 78 9 24 25 64 93 8 18 
80 67 60 48 37 36 12 17 33 84 85 0 68 46 24 19 93 78 74 91 46 89 53 77 50 29 2 14 74 62 84 28 31 48 68 4 22 94 62 42 35 48 86 55 94 10 74 87 40 0 79 39 41 84 16 91 14 70 57 88 84 42 69 15 42 37 72 65 84 34 7 71 82 45 26 28 8 52 16 48 52 47 39 93 83 55 36 97 77 45 86 61 39 7 29 82 44 1 99 80 87 6 51 70 4 29 50 12 81 66 60 85 65 0 30 49 7 18 46 37 64 84 50 3 91 79 37 88 32 36 
21 89 93 22 97 48 14 7 8 17 98 68 0 76 75 51 77 35 69 76 72 85 60 22 41 4 54 78 44 86 67 64 6 14 36 0 13 90 93 76 25 4 51 97 32 27 48 10 62 70 86 86 55 98 60 96 54 14 27 98 53 94 15 11 8 51 12 73 93 5 49 70 61 0 68 93 79 16 55 41 38 93 79 94 44 40 90 98 54 17 49 7 63 16 19 71 67 83 96 13 40 45 83 1 98 51 46 77 20 54 71 58 47 50 4 91 90 47 42 97 16 43 56 80 59 27 3 78 10 0 
69 2 18 20 33 0 80 8 52 38 16 46 76 0 50 65 99 93 12 41 42 29 36 98 9 47 78 64 25 88 64 69 91 14 96 46 61 26 48 38 77 4 38 38 12 41 3 11 86 16 4 80 45 40 78 6 87 8 70 64 49 87 33 40 1 81 38 62 8 87 53 85 43 43 75 55 36 78 18 22 46 22 2 91 14 33 49 53 41 20 70 90 59 55 82 60 37 21 74 45 60 27 82 55 23 9 63 59 87 81 82 34 56 36 77 22 21 79 28 15 51 98 5 10 53 40 70 90 13 44 
65 2 78 12 23 36 50 61 65 34 92 24 75 50 0 85 7 50 64 87 65 15 85 23 25 39 15 47 81 28 44 21 53 68 94 85 67 77 81 25 99 10 18 55 47 47 40 6 49 57 94 15 72 79 90 50 70 5 97 4 85 93 77 90 13 23 75 80 0 8 58 99 70 76 6 17 23 99 76 72 56 70 39 80 1 81 30 24 86 80 80 71 73 57 13 39 80 41 19 33 1 29 32 72 5 91 41 80 90 17 53 98 39 44 78 41 26 61 65 64 41 45 88 66 54 1 5 34 42 77 
88 23 49 97 6 49 17 48 32 65 41 19 51 65 85 0 59 20 74 76 36 67 73 24 86 27 26 91 14 20 68 33 16 27 37 84 91 32 46 83 69 25 33 4 43 27 70 55 99 44 83 35 64 57 12 50 36 90 93 2 10 62 88 79 41 25 63 32 10 61 67 79 86 0 36 82 79 6 89 30 2 72 18 18 81 30 68 18 20 62 20 82 76 8 61 17 86 77 1 96 38 68 27 77 21 15 59 0 73 0 83 76 72 1 94 54 31 15 24 51 77 96 85 5 57 47 74 43 24 75 
42 43 66 96 89 19 8 9 24 33 25 93 77 99 7 59 0 84 49 5 87 78 1 72 35 58 19 9 53 95 36 44 58 31 67 49 48 53 0 17 64 2 69 4 29 22 38 10 6 39 67 45 69 21 17 4 31 89 65 85 84 1 81 94 32 48 44 80 53 96 97 18 50 66 22 80 88 12 42 46 3 10 43 72 31 61 28 62 2 93 99 38 94 81 33 26 81 77 59 35 25 8 53 75 75 27 55 15 91 50 14 94 60 57 66 43 70 94 57 24 39 9 63 33 90 96 11 71 25 22 
95 5 7 61 94 41 0 92 47 7 73 78 35 93 50 20 84 0 91 99 96 30 8 11 15 98 59 27 22 84 49 80 86 32 44 63 90 86 0 16 20 35 7 47 82 56 45 72 80 36 72 76 19 32 39 34 83 98 13 5 34 15 37 20 47 33 35 38 20 36 6 92 23 13 39 6 70 36 30 50 73 54 78 92 87 69 78 70 67 92 27 1 59 16 73 6 50 60 96 22 48 2 14 72 68 5 30 38 42 60 40 67 15 70 11 2 91 89 24 58 33 51 11 92 67 36 51 69 48 99 
2 55 50 23 56 41 73 15 80 38 12 74 69 12 64 74 49 91 0 56 75 62 59 38 54 79 26 57 48 74 57 92 23 11 1 96 33 68 99 45 77 63 1 5 93 27 92 78 44 21 34 71 35 46 9 41 25 35 99 25 61 8 69 85 19 71 81 4 91 33 1 69 96 2 74 41 29 19 19 73 92 6 96 79 52 5 20 29 92 19 54 53 27 24 90 98 47 24 2 38 57 55 59 5 57 86 46 38 57 66 63 49 72 59 28 76 16 0 5 8 20 11 14 99 87 56 50 34 80 52 
69 2 72 71 75 83 95 13 12 1 77 91 76 41 87 76 5 99 56 0 56 85 27 22 36 15 78 86 1 11 91 78 0 99 15 47 68 41 40 24 73 51 96 5 34 27 18 45 74 83 13 30 68 40 52 4 7 31 43 9 42 34 39 94 85 6 41 53 48 33 30 21 84 26 78 70 53 48 67 79 31 80 10 51 73 14 8 80 45 51 41 39 85 81 86 70 87 79 75 35 13 5 8 49 83 87 72 88 87 39 68 19 72 78 70 97 44 30 77 42 81 71 81 18 52 19 40 91 99 16 
12 99 36 90 43 2 3 87 24 14 30 46 72 42 65 36 87 96 75 56 0 71 46 15 90 50 35 30 42 34 98 73 98 72 12 11 81 91 97 78 57 74 44 42 75 39 1 73 31 39 48 13 11 47 81 53 97 16 35 91 2 34 16 0 6 29 11 87 72 8 17 29 34 61 23 9 53 24 82 36 16 83 50 79 30 83 84 79 51 19 71 53 53 39 53 11 68 16 50 40 77 68 21 11 81 96 73 34 21 7 71 89 42 73 20 72 8 4 4 59 23 27 12 77 66 17 40 35 85 91 
34 64 59 28 50 8 95 81 42 22 22 89 85 29 15 67 78 30 62 85 71 0 8 54 40 75 71 80 62 56 71 41 71 82 42 97 75 92 0 2 62 58 52 74 11 27 5 89 10 93 70 52 4 31 6 44 6 29 76 20 37 48 61 60 82 56 57 57 48 57 59 62 68 63 36 31 90 94 72 52 87 43 4 43 74 62 39 32 43 15 52 81 15 65 41 98 21 51 55 69 60 67 32 80 82 20 64 25 66 36 77 5 31 34 48 57 96 39 89 40 55 93 73 70 59 66 20 32 69 28 
4 8 87 43 18 12 0 47 40 77 11 53 60 36 85 73 1 8 59 27 46 8 0 79 48 54 46 68 86 67 96 40 1 43 78 16 73 37 94 75 14 13 59 44 12 25 27 20 40 98 69 46 75 12 26 23 66 24 44 5 91 40 45 93 84 24 61 9 13 7 84 79 21 96 75 33 21 3 5 13 1 74 60 76 87 86 52 5 10 96 10 53 36 56 98 72 32 59 81 97 67 18 76 88 14 3 73 87 6 78 1 59 52 61 88 91 99 40 97 61 36 7 14 24 15 13 49 99 72 82 
51 1 86 7 4 47 40 63 2 82 43 77 22 98 23 24 72 11 38 22 15 54 79 0 38 50 11 39 2 84 22 50 27 74 27 7 93 7 11 99 45 94 58 43 81 30 29 59 1 7 35 33 21 70 31 12 72 43 51 74 79 73 77 6 48 56 65 41 15 77 92 60 23 2 56 56 32 37 15 85 45 2 18 18 72 1 30 45 44 82 71 23 55 48 30 55 4 47 48 19 76 92 32 99 94 40 7 78 77 23 63 74 25 33 45 50 35 75 47 31 9 18 55 17 19 37 72 75 84 73 
8 78 81 32 53 35 20 15 5 86 74 50 41 9 25 86 35 15 54 36 90 40 48 38 0 11 54 98 86 90 71 85 3 89 16 16 1 87 88 43 88 35 1 15 59 93 35 34 23 82 55 33 91 47 50 65 10 56 64 49 47 35 34 50 24 51 18 77 90 58 21 78 45 22 93 5 67 80 39 91 15 46 76 6 46 27 72 56 35 88 57 34 75 92 37 0 95 55 29 85 66 50 16 11 25 61 16 92 42 7 35 9 6 12 15 4 91 39 60 26 27 70 61 3 62 50 55 57 5 84 
77 2 68 74 12 98 34 57 93 83 57 29 4 47 39 27 58 98 79 15 50 75 54 50 11 0 36 23 78 94 60 25 17 47 87 52 59 11 8 67 77 71 59 4 92 63 99 17 10 33 54 84 46 62 70 63 83 7 86 62 1 98 87 70 45 26 23 56 38 31 24 67 54 83 72 46 99 23 63 9 56 17 93 2 31 16 17 15 75 56 77 28 54 16 98 0 42 73 56 32 4 32 0 58 16 24 56 15 47 19 76 55 89 22 57 20 38 27 87 65 83 16 45 89 32 43 89 27 17 98 
42 62 10 16 17 30 6 74 1 1 67 2 54 78 15 26 19 59 26 78 35 71 46 11 54 36 0 40 93 80 90 4 6 72 16 90 23 3 82 40 38 46 82 27 51 98 78 77 56 4 90 27 65 71 95 16 85 7 8 30 87 50 35 45 74 3 35 97 6 70 38 96 68 72 24 20 23 2 49 79 59 91 7 24 62 54 92 0 61 52 30 1 2 17 46 77 20 34 74 79 56 64 75 24 37 51 96 12 6 45 91 65 88 50 41 51 5 86 3 18 38 85 71 93 3 18 70 75 4 96 
24 76 95 97 92 70 57 29 84 23 67 14 78 64 47 91 9 27 57 86 30 80 68 39 98 23 40 0 45 77 38 99 89 51 33 29 53 19 14 15 10 49 20 19 20 28 21 46 89 9 23 21 87 37 76 7 7 49 48 52 78 38 3 19 89 37 48 42 56 63 9 18 64 82 89 36 10 10 82 52 71 57 25 59 94 1 18 1 50 18 53 28 57 9 47 98 46 95 93 54 10 54 72 74 36 14 10 47 24 44 99 96 1 24 7 48 25 25 1 27 43 7 7 52 16 6 51 62 53 96 
36 81 93 56 73 74 93 26 35 68 50 74 44 25 81 14 53 22 48 1 42 62 86 2 86 78 93 45 0 83 10 5 99 60 98 90 47 4 95 33 87 92 70 18 95 31 56 94 69 71 47 86 30 6 62 41 82 92 55 19 76 65 77 27 77 75 17 77 31 12 10 71 57 33 89 4 64 98 51 86 69 98 24 99 4 87 92 86 79 47 58 7 64 35 35 94 62 4 71 93 69 81 64 78 14 6 82 31 4 33 69 73 83 93 25 40 80 17 26 12 17 36 71 33 71 58 27 85 63 98 
0 30 18 36 33 96 95 53 65 73 8 62 86 88 28 20 95 84 74 11 34 56 67 84 90 94 80 77 83 0 6 60 17 38 8 79 84 61 28 66 71 10 64 6 75 8 66 81 85 95 17 73 42 37 85 22 33 4 29 63 89 35 75 7 25 83 38 62 45 66 28 68 76 44 26 52 5 44 85 90 39 2 15 33 91 53 55 25 9 37 40 98 24 15 5 50 99 44 12 96 10 92 16 39 36 42 43 41 86 28 83 77 82 99 11 25 52 66 2 61 55 42 59 80 10 17 82 9 61 94 
96 39 47 71 0 71 43 54 88 86 34 84 67 64 44 68 36 49 57 91 98 71 96 22 71 60 90 38 10 6 0 22 32 65 95 47 92 14 52 8 19 90 59 1 9 62 47 54 16 11 54 36 30 48 15 82 0 63 15 65 24 95 87 8 12 34 55 4 48 60 64 19 50 24 72 59 86 19 66 54 30 72 42 13 20 9 95 72 72 10 37 96 5 76 5 18 10 12 22 10 72 87 29 74 63 53 34 1 73 52 7 55 24 50 68 96 59 15 68 84 26 57 32 83 85 89 1 47 2 76 
53 62 60 26 25 56 76 4 30 94 84 28 64 69 21 33 44 80 92 78 73 41 40 50 85 25 4 99 5 60 22 0 94 18 23 47 48 66 86 31 35 77 73 59 44 66 3 59 70 15 42 10 53 86 82 75 63 48 98 39 16 1 72 63 19 95 10 19 14 49 2 49 26 75 8 23 41 63 34 63 31 29 73 84 15 8 59 79 56 9 18 25 62 43 88 81 90 50 52 4 99 54 53 78 82 13 1 23 29 87 39 60 16 12 96 32 72 56 63 81 17 33 6 80 76 94 13 19 44 18 
77 79 43 8 16 60 79 16 60 33 85 31 6 91 53 16 58 86 23 0 98 71 1 27 3 17 6 89 99 17 32 94 0 49 63 1 56 10 28 38 85 43 59 73 74 44 57 89 2 49 15 41 10 26 86 52 66 25 59 25 61 84 60 40 33 75 94 41 85 22 79 23 17 38 48 91 83 5 32 85 6 99 27 68 26 65 20 44 91 31 70 52 15 30 92 1 5 38 42 43 61 74 18 30 64 66 74 47 23 6 85 81 6 64 49 84 29 70 28 72 1 50 24 69 32 69 22 90 7 16 
0 23 39 53 60 25 96 73 22 53 71 48 14 14 68 27 31 32 11 99 72 82 43 74 89 47 72 51 60 38 65 18 49 0 23 42 11 92 19 17 88 54 9 13 96 68 39 73 57 36 83 67 86 92 5 9 85 12 2 20 30 15 40 69 19 63 11 30 7 30 48 95 37 9 60 33 29 99 58 87 87 42 6 25 86 11 34 23 75 36 43 5 4 83 75 23 46 86 54 5 69 54 0 6 15 60 91 44 59 1 31 99 95 89 24 81 0 59 56 27 47 51 33 51 34 60 75 32 46 81 
5 13 34 10 84 79 31 80 77 0 5 68 36 96 94 37 67 44 1 15 12 42 78 27 16 87 16 33 98 8 95 23 63 23 0 88 95 54 4 46 67 74 80 27 88 3 64 35 27 59 90 31 54 45 67 49 87 16 22 13 11 25 28 25 18 33 65 14 88 70 12 7 96 92 87 84 95 51 71 75 62 62 6 17 59 25 18 98 41 40 11 52 17 92 30 88 25 95 2 65 17 14 73 14 58 60 98 53 63 22 28 77 36 86 46 95 12 16 94 53 9 57 58 26 49 88 14 27 35 68 
99 59 13 56 44 46 88 23 65 36 52 4 0 46 85 84 49 63 96 47 11 97 16 7 16 52 90 29 90 79 47 47 1 42 88 0 90 98 57 88 43 49 67 17 76 32 37 51 9 26 20 91 72 99 32 49 27 12 40 34 28 51 33 49 97 2 89 40 53 47 28 48 96 95 65 72 79 54 76 88 33 96 80 5 95 12 54 74 76 46 8 57 98 94 58 47 48 48 87 1 95 68 49 43 15 66 67 95 21 43 35 6 92 15 11 39 79 18 14 8 16 74 65 14 68 23 14 17 23 53 
7 72 81 8 65 70 66 94 4 72 88 22 13 61 67 91 48 90 33 68 81 75 73 93 1 59 23 53 47 84 92 48 56 11 95 90 0 67 11 4 26 40 75 44 8 14 73 68 85 24 94 11 39 43 7 73 64 26 21 2 68 23 62 33 50 43 64 18 10 75 22 88 15 49 84 76 64 9 96 49 33 91 12 25 86 19 98 2 97 20 56 18 95 18 51 45 61 15 15 23 43 89 64 10 38 48 38 2 58 35 3 43 78 68 68 16 39 67 18 37 87 74 55 34 44 58 31 58 26 46 
25 70 89 15 86 0 15 50 64 9 85 94 90 26 77 32 53 86 68 41 91 92 37 7 87 11 3 19 4 61 14 66 10 92 54 98 67 0 50 81 90 59 65 42 46 68 14 1 63 53 74 95 31 73 86 95 16 36 38 70 11 79 57 60 7 41 40 60 24 42 42 14 1 7 8 99 27 22 52 91 27 26 38 10 51 77 5 19 13 95 89 76 26 46 36 85 40 28 46 64 70 88 30 23 47 39 74 26 13 26 69 93 52 8 3 3 85 9 23 50 56 64 26 83 63 15 68 3 43 66 
22 69 17 19 17 77 69 21 78 23 86 62 93 48 81 46 0 0 99 40 97 0 94 11 88 8 82 14 95 28 52 86 28 19 4 57 11 50 0 86 83 51 87 34 98 97 88 1 43 4 78 40 76 72 15 35 29 5 62 41 90 56 24 42 9 9 83 15 86 92 1 21 43 88 55 42 85 95 95 81 99 73 73 27 46 88 14 75 45 77 69 35 85 93 77 94 2 12 61 40 56 62 61 0 3 68 94 40 64 89 21 63 62 94 43 60 34 57 88 31 86 57 67 72 2 96 18 5 61 80 
14 47 4 1 71 86 54 44 81 70 38 42 76 38 25 83 17 16 45 24 78 2 75 99 43 67 40 15 33 66 8 31 38 17 46 88 4 81 86 0 11 3 70 70 70 28 72 98 72 36 65 48 34 90 91 56 65 83 48 49 87 73 30 57 44 23 45 12 43 48 71 6 3 41 77 26 69 1 76 93 37 41 42 71 31 85 79 48 20 80 49 8 5 32 65 49 55 62 13 98 62 84 4 66 25 33 92 46 35 68 40 72 61 34 96 93 19 27 93 92 59 43 0 16 75 17 17 82 32 31 
44 18 39 90 20 52 87 32 21 4 81 35 25 77 99 69 64 20 77 73 57 62 14 45 88 77 38 10 87 71 19 35 85 88 67 43 26 90 83 11 0 70 13 57 8 78 87 91 15 44 20 96 12 91 77 97 42 28 52 22 10 85 87 87 86 88 77 28 59 23 10 87 93 75 96 54 53 83 97 21 79 17 69 44 61 99 93 55 27 45 29 89 31 16 77 69 4 6 98 63 29 60 2 74 35 99 28 40 34 78 13 66 47 35 10 60 34 55 15 13 1 45 2 84 61 31 53 66 37 3 
76 98 37 5 59 59 3 59 74 82 67 48 4 4 10 25 2 35 63 51 74 58 13 94 35 71 46 49 92 10 90 77 43 54 74 49 40 59 51 3 70 0 16 17 9 60 66 21 37 71 0 80 29 76 25 71 13 53 19 17 19 70 6 56 84 79 85 1 39 92 61 20 51 30 89 60 90 8 33 79 31 85 59 61 61 84 32 75 38 51 44 9 21 50 65 58 81 3 11 72 95 73 92 98 55 34 59 97 42 44 76 73 30 88 34 91 72 19 66 62 22 62 72 96 64 89 6 45 44 17 
94 14 65 2 8 22 18 61 14 6 75 86 51 38 18 33 69 7 1 96 44 52 59 58 1 59 82 20 70 64 59 73 59 9 80 67 75 65 87 70 13 16 0 3 18 91 5 37 27 78 27 77 26 28 51 69 93 14 19 7 74 86 39 78 47 37 73 6 83 69 12 71 11 40 75 29 32 32 18 11 11 46 88 89 26 39 58 71 5 29 78 32 67 70 10 15 7 83 73 91 52 85 14 15 78 89 96 62 74 67 25 37 13 13 26 91 4 36 62 61 66 92 93 33 62 56 0 22 91 26 
65 59 84 12 17 53 53 39 81 21 79 55 97 38 55 4 4 47 5 5 42 74 44 43 15 4 27 19 18 6 1 59 73 13 27 17 44 42 34 70 57 17 3 0 90 19 28 21 72 23 18 39 87 8 0 85 60 16 36 86 76 12 77 80 52 47 48 86 39 71 27 77 22 0 48 12 71 76 86 96 51 4 35 39 12 35 24 24 4 60 10 80 73 39 61 77 87 9 63 78 32 42 7 6 95 55 19 18 32 57 66 83 61 54 22 26 41 47 50 45 7 13 26 32 52 39 10 91 0 25 
97 53 7 25 44 11 35 19 78 20 35 94 32 12 47 43 29 82 93 34 75 11 12 81 59 92 51 20 95 75 9 44 74 96 88 76 8 46 98 70 8 9 18 90 0 43 8 57 95 33 66 92 18 92 67 36 19 81 63 41 95 68 84 93 93 9 83 85 70 34 15 99 53 0 33 4 44 41 61 39 26 80 31 45 72 98 81 43 79 96 36 26 65 73 71 10 82 54 96 4 89 63 55 94 63 88 98 7 81 59 98 8 91 29 53 64 79 86 59 10 82 96 36 99 69 60 10 3 66 6 
12 16 95 14 31 58 68 74 31 93 68 10 27 41 47 27 22 56 27 27 39 27 25 30 93 63 98 28 31 8 62 66 44 68 3 32 14 68 97 28 78 60 91 19 43 0 53 77 65 88 7 31 58 85 37 28 32 52 7 82 85 45 91 73 55 15 15 50 41 9 41 0 13 75 56 72 36 9 2 1 49 61 84 8 47 22 36 31 26 95 14 11 92 57 36 48 72 4 50 14 65 92 66 78 19 74 3 55 83 5 9 33 18 93 41 17 67 29 49 93 24 15 56 17 72 45 17 97 1 67 
6 82 34 9 76 2 23 87 65 87 72 74 48 3 40 70 38 45 92 18 1 5 27 29 35 99 78 21 56 66 47 3 57 39 64 37 73 14 88 72 87 66 5 28 8 53 0 6 56 14 51 61 37 64 75 81 49 34 42 83 98 71 80 76 11 58 55 81 93 33 90 19 67 45 17 81 93 85 39 49 0 90 11 89 6 86 71 55 73 13 90 71 36 22 0 47 81 7 81 26 40 23 45 59 20 14 40 14 0 31 63 0 74 26 41 80 65 12 36 90 78 78 61 14 1 13 14 34 20 47 
40 96 73 73 85 83 43 29 3 54 61 87 10 11 6 55 10 72 78 45 73 89 20 59 34 17 77 46 94 81 54 59 89 73 35 51 68 1 1 98 91 21 37 21 57 77 6 0 94 46 13 47 5 30 14 31 0 47 23 56 52 62 72 17 71 97 7 75 45 61 83 17 11 15 17 83 93 81 57 87 79 70 87 37 52 53 20 52 0 44 60 4 6 32 22 30 81 81 5 27 42 40 96 5 55 13 40 48 47 97 88 26 68 75 15 20 28 36 25 81 32 85 85 90 70 59 20 51 92 77 
7 74 54 28 78 51 20 19 78 0 93 40 62 86 49 99 6 80 44 74 31 10 40 1 23 10 56 89 69 85 16 70 2 57 27 9 85 63 43 72 15 37 27 72 95 65 56 94 0 72 10 36 77 46 75 21 4 25 90 14 68 36 6 98 51 25 19 39 84 23 52 83 61 78 52 99 44 3 59 79 27 70 67 4 68 42 78 73 19 68 39 88 56 45 86 7 22 5 99 6 80 51 42 93 82 94 93 78 97 52 9 76 74 76 81 43 70 59 68 90 79 7 30 35 4 16 94 26 73 93 
8 89 84 84 32 95 48 54 98 77 84 0 70 16 57 44 39 36 21 83 39 93 98 7 82 33 4 9 71 95 11 15 49 36 59 26 24 53 4 36 44 71 78 23 33 88 14 46 72 0 7 79 29 52 21 86 53 79 86 32 62 31 47 50 73 89 38 46 56 21 80 46 49 82 86 52 83 7 73 54 66 32 85 48 84 6 34 89 37 72 73 51 55 21 1 80 62 91 78 19 13 59 17 14 93 3 19 28 10 44 82 29 77 67 77 61 25 63 3 14 88 76 65 43 97 66 24 60 10 2 
61 50 97 96 60 66 90 94 15 7 90 79 86 4 94 83 67 72 34 13 48 70 69 35 55 54 90 23 47 17 54 42 15 83 90 20 94 74 78 65 20 0 27 18 66 7 51 13 10 7 0 3 7 97 46 26 21 8 69 58 80 66 77 27 77 45 64 47 64 61 3 97 59 75 25 91 87 73 14 12 8 88 67 67 37 13 93 11 74 14 69 6 81 98 34 10 43 50 9 7 11 12 56 22 88 33 13 27 6 79 91 67 68 58 34 57 72 80 68 98 94 89 4 27 88 38 38 31 40 47 
72 25 90 70 73 53 24 58 55 66 76 39 86 80 15 35 45 76 71 30 13 52 46 33 33 84 27 21 86 73 36 10 41 67 31 91 11 95 40 48 96 80 77 39 92 31 61 47 36 79 3 0 96 59 45 43 9 92 32 90 31 68 14 73 17 37 93 17 94 56 97 42 92 0 0 23 33 52 5 71 28 7 8 76 66 6 71 27 98 3 69 29 72 83 54 89 73 48 58 67 56 56 61 0 8 61 75 41 65 80 12 94 87 73 22 6 79 94 33 29 97 55 10 21 38 64 10 11 64 69 
94 6 43 65 34 3 44 88 40 51 58 41 55 45 72 64 69 19 35 68 11 4 75 21 91 46 65 87 30 42 30 53 10 86 54 72 39 31 76 34 12 29 26 87 18 58 37 5 77 29 7 96 0 32 63 97 42 70 64 15 42 51 18 38 68 13 7 70 65 76 3 36 79 79 75 2 24 1 3 69 12 69 42 5 53 5 3 47 28 19 62 70 22 81 60 90 46 67 12 64 95 15 52 74 95 27 28 71 28 84 40 40 5 82 97 10 40 52 58 68 71 72 90 46 5 50 36 52 17 49 
17 59 84 91 30 30 90 41 8 84 2 84 98 40 79 57 21 32 46 40 47 31 12 70 47 62 71 37 6 37 48 86 26 92 45 99 43 73 72 90 91 76 28 8 92 85 64 30 46 52 97 59 32 0 20 24 58 34 51 73 17 31 8 65 76 15 3 36 69 13 83 2 31 5 54 61 42 75 18 28 16 8 37 2 3 9 27 62 96 30 87 13 14 48 78 90 63 82 78 85 95 13 39 26 70 46 39 12 21 57 41 89 17 30 44 21 91 71 35 87 53 74 1 67 74 31 9 38 13 39 
75 27 28 77 77 52 16 73 57 1 19 16 60 78 90 12 17 39 9 52 81 6 26 31 50 70 95 76 62 85 15 82 86 5 67 32 7 86 15 91 77 25 51 0 67 37 75 14 75 21 46 45 63 20 0 95 22 2 71 27 97 35 59 2 56 57 46 99 68 69 82 13 32 46 84 2 24 75 50 56 59 65 33 39 72 57 34 94 11 58 21 9 93 32 11 1 41 57 53 10 78 87 23 62 85 59 64 9 34 67 65 94 84 99 85 8 56 72 2 68 30 75 29 75 59 40 77 0 49 82 
2 36 77 97 39 91 64 3 97 37 32 91 96 6 50 50 4 34 41 4 53 44 23 12 65 63 16 7 41 22 82 75 52 9 49 49 73 95 35 56 97 71 69 85 36 28 81 31 21 86 26 43 97 24 95 0 43 87 36 52 19 92 72 77 17 78 77 49 76 35 97 58 18 80 66 14 95 36 79 52 42 19 71 64 5 28 31 0 67 68 53 38 60 77 16 29 55 45 78 84 81 27 42 51 7 8 66 55 97 97 7 39 17 78 55 74 58 39 75 78 7 80 16 19 57 84 48 13 30 78 
94 13 52 65 95 80 77 98 53 67 11 14 54 87 70 36 31 83 25 7 97 6 66 72 10 83 85 7 82 33 0 63 66 85 87 27 64 16 29 65 42 13 93 60 19 32 49 0 4 53 21 9 42 58 22 43 0 68 53 20 1 99 24 50 51 19 61 68 67 56 57 15 82 26 56 54 4 92 52 3 66 99 1 38 26 17 75 43 85 80 63 87 79 87 89 31 58 2 51 77 58 9 45 40 87 1 47 43 45 99 99 63 50 0 2 76 17 29 19 3 9 34 42 40 73 83 23 32 85 75 
69 89 90 93 47 35 23 47 11 2 38 70 14 8 5 90 89 98 35 31 16 29 24 43 56 7 7 49 92 4 63 48 25 12 16 12 26 36 5 83 28 53 14 16 81 52 34 47 25 79 8 92 70 34 2 87 68 0 82 98 19 33 88 71 72 33 10 34 38 33 67 95 94 17 20 92 88 15 55 99 61 56 3 67 28 48 25 97 11 8 95 83 93 83 54 18 69 16 52 7 49 71 54 95 40 26 87 81 41 95 80 54 51 35 21 79 35 46 76 47 54 23 30 0 6 36 18 27 52 22 
79 12 72 47 32 61 21 85 82 12 52 57 27 70 97 93 65 13 99 43 35 76 44 51 64 86 8 48 55 29 15 98 59 2 22 40 21 38 62 48 52 19 19 36 63 7 42 23 90 86 69 32 64 51 71 36 53 82 0 31 1 73 72 99 51 6 51 68 59 91 52 71 20 35 48 35 6 12 69 99 61 48 13 50 49 31 78 25 89 19 8 90 93 32 42 96 39 45 64 98 36 68 21 8 4 69 96 62 34 65 13 47 65 78 97 66 62 27 91 51 47 51 93 92 84 87 88 75 32 53 
82 46 98 21 68 55 70 76 88 87 13 88 98 64 4 2 85 5 25 9 91 20 5 74 49 62 30 52 19 63 65 39 25 20 13 34 2 70 41 49 22 17 7 86 41 82 83 56 14 32 58 90 15 73 27 52 20 98 31 0 93 32 73 32 20 81 52 37 4 49 46 32 89 64 62 41 64 94 20 66 4 20 15 43 42 10 3 74 90 20 38 36 4 63 20 24 44 72 62 0 21 8 85 63 72 99 4 89 93 76 55 49 97 22 44 39 85 47 65 75 19 55 63 24 19 83 48 15 7 62 
69 71 9 81 80 83 70 52 76 27 47 84 53 49 85 10 84 34 61 42 2 37 91 79 47 1 87 78 76 89 24 16 61 30 11 28 68 11 90 87 10 19 74 76 95 85 98 52 68 62 80 31 42 17 97 19 1 19 1 93 0 65 88 28 88 86 42 58 36 56 64 83 0 14 28 69 30 15 56 1 43 26 51 31 87 94 8 5 67 74 0 77 40 40 5 80 26 99 90 14 56 54 49 8 21 77 77 3 44 86 5 87 64 56 70 51 2 79 56 22 5 8 99 45 0 57 77 78 56 67 
75 3 71 70 32 84 64 39 70 98 86 42 94 87 93 62 1 15 8 34 34 48 40 73 35 98 50 38 65 35 95 1 84 15 25 51 23 79 56 73 85 70 86 12 68 45 71 62 36 31 66 68 51 31 35 92 99 33 73 32 65 0 68 30 65 10 80 41 74 32 16 57 24 98 94 20 95 6 25 59 26 42 14 10 36 61 52 3 9 81 75 65 18 95 95 83 57 75 25 31 59 93 89 83 43 35 56 38 41 81 49 19 75 64 29 11 77 33 14 86 15 41 52 33 36 99 16 93 27 93 
87 9 10 0 93 63 99 80 70 82 98 69 15 33 77 88 81 37 69 39 16 61 45 77 34 87 35 3 77 75 87 72 60 40 28 33 62 57 24 30 87 6 39 77 84 91 80 72 6 47 77 14 18 8 59 72 24 88 72 73 88 68 0 3 43 15 44 54 6 62 85 44 40 85 47 51 71 2 12 68 86 84 67 70 65 19 87 87 76 54 49 13 15 30 68 58 98 12 12 4 75 49 0 67 35 0 18 6 2 82 27 89 18 46 11 83 65 99 71 93 53 72 6 20 2 74 79 52 39 43 
98 50 4 41 49 43 49 20 36 60 32 15 11 40 90 79 94 20 85 94 0 60 93 6 50 70 45 19 27 7 8 63 40 69 25 49 33 60 42 57 87 56 78 80 93 73 76 17 98 50 27 73 38 65 2 77 50 71 99 32 28 30 3 0 76 15 39 65 37 39 44 19 76 36 6 70 92 57 0 25 76 45 31 64 21 12 92 87 52 45 42 84 61 49 28 89 16 19 6 53 10 50 24 87 39 30 57 31 39 10 56 16 55 39 32 29 4 76 16 56 21 10 40 34 11 20 24 79 40 30 
27 27 62 23 44 10 12 12 92 3 57 42 8 1 13 41 32 47 19 85 6 82 84 48 24 45 74 89 77 25 12 19 33 19 18 97 50 7 9 44 86 84 47 52 93 55 11 71 51 73 77 17 68 76 56 17 51 72 51 20 88 65 43 76 0 10 32 21 16 40 50 5 8 96 91 45 41 60 32 93 39 84 57 98 64 77 71 35 70 87 26 79 76 72 55 19 34 39 92 50 79 95 55 40 91 99 85 32 11 69 77 50 53 87 48 69 64 71 5 34 11 31 65 87 55 20 59 41 60 51 
45 74 44 10 29 43 82 13 47 82 55 37 51 81 23 25 48 33 71 6 29 56 24 56 51 26 3 37 75 83 34 95 75 63 33 2 43 41 9 23 88 79 37 47 9 15 58 97 25 89 45 37 13 15 57 78 19 33 6 81 86 10 15 15 10 0 42 75 32 21 84 35 39 44 53 0 42 82 75 42 97 69 32 58 16 76 4 19 95 46 72 1 88 18 33 27 56 28 2 88 49 86 75 40 82 80 93 24 62 20 19 12 41 3 70 57 31 75 77 26 73 49 27 61 68 12 41 76 40 43 
97 10 17 97 45 42 37 44 54 48 36 72 12 38 75 63 44 35 81 41 11 57 61 65 18 23 35 48 17 38 55 10 94 11 65 89 64 40 83 45 77 85 73 48 83 15 55 7 19 38 64 93 7 3 46 77 61 10 51 52 42 80 44 39 32 42 0 72 44 30 40 0 50 72 8 63 71 89 76 72 20 68 49 73 90 33 14 62 36 80 59 52 22 0 25 71 32 87 95 28 17 35 81 19 7 89 83 30 30 11 54 2 31 55 75 74 88 89 36 77 21 47 29 96 99 6 67 31 94 63 
86 99 43 31 61 32 30 59 49 27 98 65 73 62 80 32 80 38 4 53 87 57 9 41 77 56 97 42 77 62 4 19 41 30 14 40 18 60 15 12 28 1 6 86 85 50 81 75 39 46 47 17 70 36 99 49 68 34 68 37 58 41 54 65 21 75 72 0 24 6 42 88 57 86 24 73 32 54 79 74 20 11 83 99 70 94 84 54 64 46 47 83 0 9 72 45 85 8 94 61 15 88 1 72 74 25 97 58 31 28 32 51 92 68 3 14 62 87 68 78 86 15 13 86 76 85 83 13 94 77 
70 96 33 25 15 95 98 15 64 91 40 84 93 8 0 10 53 20 91 48 72 48 13 15 90 38 6 56 31 45 48 14 85 7 88 53 10 24 86 43 59 39 83 39 70 41 93 45 84 56 64 94 65 69 68 76 67 38 59 4 36 74 6 37 16 32 44 24 0 79 57 44 60 75 29 96 47 60 1 35 22 44 70 57 44 13 50 24 2 86 97 78 42 94 6 88 90 69 14 42 48 24 87 8 99 68 56 98 28 58 85 3 2 56 12 46 21 14 70 23 1 20 53 95 66 60 35 57 29 50 
72 79 86 16 14 71 58 65 32 71 74 34 5 87 8 61 96 36 33 33 8 57 7 77 58 31 70 63 12 66 60 49 22 30 70 47 75 42 92 48 23 92 69 71 34 9 33 61 23 21 61 56 76 13 69 35 56 33 91 49 56 32 62 39 40 21 30 6 79 0 99 32 52 0 41 90 22 56 81 85 96 52 62 61 71 58 47 56 33 45 13 16 2 97 89 48 95 41 7 64 67 6 49 19 59 90 9 33 47 42 18 43 94 33 56 17 91 3 74 25 0 39 93 3 37 34 51 32 75 58 
0 46 0 85 32 70 84 3 30 50 88 7 49 53 58 67 97 6 1 30 17 59 84 92 21 24 38 9 10 28 64 2 79 48 12 28 22 42 1 71 10 61 12 27 15 41 90 83 52 80 3 97 3 83 82 97 57 67 52 46 64 16 85 44 50 84 40 42 57 99 0 88 36 48 16 43 1 85 83 5 48 32 42 56 80 1 64 64 69 72 69 24 42 39 6 37 28 85 86 71 83 45 59 72 45 27 15 46 13 98 4 13 82 46 21 62 0 85 79 69 10 48 45 4 40 52 41 68 89 28 
14 14 24 67 35 0 37 47 37 96 21 71 70 85 99 79 18 92 69 21 29 62 79 60 78 67 96 18 71 68 19 49 23 95 7 48 88 14 21 6 87 20 71 77 99 0 19 17 83 46 97 42 36 2 13 58 15 95 71 32 83 57 44 19 5 35 0 88 44 32 88 0 25 13 20 48 74 34 29 56 15 1 78 24 63 87 17 7 87 85 2 66 6 91 1 7 27 36 11 42 36 82 81 13 95 2 61 70 36 91 78 3 92 56 27 7 44 97 14 31 82 17 97 88 60 98 48 87 86 11 
0 30 75 74 25 31 62 76 6 53 94 82 61 43 70 86 50 23 96 84 34 68 21 23 45 54 68 64 57 76 50 26 17 37 96 96 15 1 43 3 93 51 11 22 53 13 67 11 61 49 59 92 79 31 32 18 82 94 20 89 0 24 40 76 8 39 50 57 60 52 36 25 0 63 44 36 22 83 31 74 55 31 51 95 7 6 95 17 32 99 2 20 70 95 44 54 59 93 91 11 64 96 5 2 11 1 90 85 84 73 60 39 5 63 87 12 69 82 29 53 82 84 73 4 31 70 10 43 63 53 
46 60 17 39 40 44 54 16 96 56 64 45 0 43 76 0 66 13 2 26 61 63 96 2 22 83 72 82 33 44 24 75 38 9 92 95 49 7 88 41 75 30 40 0 0 75 45 15 78 82 75 0 79 5 46 80 26 17 35 64 14 98 85 36 96 44 72 86 75 0 48 13 63 0 23 73 50 40 48 14 18 23 79 44 83 68 22 63 53 63 54 47 19 15 34 94 8 47 0 47 11 88 84 28 70 59 1 72 99 49 38 18 24 18 14 8 38 37 23 91 0 30 91 19 45 77 13 53 24 65 
32 26 9 80 5 5 43 87 19 69 52 26 68 75 6 36 22 39 74 78 23 36 75 56 93 72 24 89 89 26 72 8 48 60 87 65 84 8 55 77 96 89 75 48 33 56 17 17 52 86 25 0 75 54 84 66 56 20 48 62 28 94 47 6 91 53 8 24 29 41 16 20 44 23 0 61 28 48 26 32 75 20 76 72 69 97 63 70 30 12 80 93 86 53 79 39 26 1 50 0 77 22 76 74 93 19 35 21 20 13 5 95 33 81 20 54 31 35 76 61 47 57 6 34 62 85 25 89 39 27 
97 35 35 99 69 94 97 96 85 74 29 28 93 55 17 82 80 6 41 70 9 31 33 56 5 46 20 36 4 52 59 23 91 33 84 72 76 99 42 26 54 60 29 12 4 72 81 83 99 52 91 23 2 61 2 14 54 92 35 41 69 20 51 70 45 0 63 73 96 90 43 48 36 73 61 0 53 35 71 87 5 61 72 34 72 13 60 14 97 8 77 63 57 2 30 58 7 89 8 28 18 23 26 64 80 3 57 33 90 28 73 95 41 97 81 13 10 41 28 8 1 5 23 10 60 5 68 19 94 28 
58 29 12 53 24 54 23 43 27 1 84 8 79 36 23 79 88 70 29 53 53 90 21 32 67 99 23 10 64 5 86 41 83 29 95 79 64 27 85 69 53 90 32 71 44 36 93 93 44 83 87 33 24 42 24 95 4 88 6 64 30 95 71 92 41 42 71 32 47 22 1 74 22 50 28 53 0 60 38 72 93 61 84 70 96 32 3 1 74 11 1 4 75 89 85 94 48 98 57 54 81 79 34 0 8 4 68 81 64 58 5 57 20 41 80 68 74 83 21 0 46 22 4 21 64 41 15 12 39 72 
38 60 95 41 81 59 18 26 84 56 76 52 16 78 99 6 12 36 19 48 24 94 3 37 80 23 2 10 98 44 19 63 5 99 51 54 9 22 95 1 83 8 32 76 41 9 85 81 3 7 73 52 1 75 75 36 92 15 12 94 15 6 2 57 60 82 89 54 60 56 85 34 83 40 48 35 60 0 54 89 47 35 1 69 56 41 57 81 49 33 70 70 67 95 72 19 61 32 48 76 92 0 16 3 78 67 89 78 41 43 68 40 30 69 10 38 10 19 19 12 52 42 82 72 89 7 91 2 91 39 
89 31 60 25 54 77 93 77 40 80 42 16 55 18 76 89 42 30 19 67 82 72 5 15 39 63 49 82 51 85 66 34 32 58 71 76 96 52 95 76 97 33 18 86 61 2 39 57 59 73 14 5 3 18 50 79 52 55 69 20 56 25 12 0 32 75 76 79 1 81 83 29 31 48 26 71 38 54 0 98 33 29 20 92 4 92 5 82 21 61 14 99 53 83 12 22 84 52 39 31 51 54 31 83 87 27 60 27 82 29 25 15 10 98 59 14 90 16 48 64 30 62 15 83 97 27 57 81 32 48 
18 55 66 33 2 5 95 14 6 54 77 48 41 22 72 30 46 50 73 79 36 52 13 85 91 9 79 52 86 90 54 63 85 87 75 88 49 91 81 93 21 79 11 96 39 1 49 87 79 54 12 71 69 28 56 52 3 99 99 66 1 59 68 25 93 42 72 74 35 85 5 56 74 14 32 87 72 89 98 0 35 55 56 55 23 52 40 35 45 3 78 19 90 16 61 54 45 85 41 91 75 19 59 89 87 26 97 93 75 37 70 62 44 26 17 67 30 9 55 75 13 85 46 3 2 7 9 99 45 2 
98 50 79 78 65 54 66 81 34 86 13 52 38 46 56 2 3 73 92 31 16 87 1 45 15 56 59 71 69 39 30 31 6 87 62 33 33 27 99 37 79 31 11 51 26 49 0 79 27 66 8 28 12 16 59 42 66 61 61 4 43 26 86 76 39 97 20 20 22 96 48 15 55 18 75 5 93 47 33 35 0 55 37 30 40 15 92 83 64 27 83 29 95 34 34 64 85 84 99 65 93 59 77 58 72 91 69 45 43 43 68 29 50 57 11 90 72 3 73 36 83 8 17 78 42 51 42 28 87 93 
50 34 58 21 67 96 35 71 7 87 33 47 93 22 70 72 10 54 6 80 83 43 74 2 46 17 91 57 98 2 72 29 99 42 62 96 91 26 73 41 17 85 46 4 80 61 90 70 70 32 88 7 69 8 65 19 99 56 48 20 26 42 84 45 84 69 68 11 44 52 32 1 31 23 20 61 61 35 29 55 55 0 82 17 97 97 84 3 93 67 13 59 12 26 29 68 65 41 64 43 59 24 75 43 39 47 46 8 65 73 3 87 94 85 4 43 83 40 46 28 59 12 87 71 90 17 39 55 10 56 
42 80 56 3 75 10 71 24 13 20 53 39 79 2 39 18 43 78 96 10 50 4 60 18 76 93 7 25 24 15 42 73 27 6 6 80 12 38 73 42 69 59 88 35 31 84 11 87 67 85 67 8 42 37 33 71 1 3 13 15 51 14 67 31 57 32 49 83 70 62 42 78 51 79 76 72 84 1 20 56 37 82 0 36 75 78 20 61 97 5 34 19 49 95 17 35 24 56 87 47 0 36 54 33 70 81 36 61 15 35 65 30 6 20 19 33 51 39 94 48 96 80 67 45 28 36 32 52 45 19 
92 8 74 43 52 9 10 21 75 37 71 93 94 91 80 18 72 92 79 51 79 43 76 18 6 2 24 59 99 33 13 84 68 25 17 5 25 10 27 71 44 61 89 39 45 8 89 37 4 48 67 76 5 2 39 64 38 67 50 43 31 10 70 64 98 58 73 99 57 61 56 24 95 44 72 34 70 69 92 55 30 17 36 0 44 27 57 88 92 30 36 91 53 39 21 28 4 10 87 74 79 22 56 30 41 90 70 22 32 97 97 34 48 48 43 92 27 0 32 19 83 68 62 36 8 84 16 64 46 56 
19 45 42 13 49 78 26 65 15 23 87 83 44 14 1 81 31 87 52 73 30 74 87 72 46 31 62 94 4 91 20 15 26 86 59 95 86 51 46 31 61 61 26 12 72 47 6 52 68 84 37 66 53 3 72 5 26 28 49 42 87 36 65 21 64 16 90 70 44 71 80 63 7 83 69 72 96 56 4 23 40 97 75 44 0 61 10 30 46 28 97 13 98 0 39 50 90 32 2 56 69 51 68 77 41 37 26 61 11 40 35 98 67 1 33 79 14 43 62 60 23 59 73 22 12 65 72 2 49 26 
17 59 37 32 5 63 88 97 22 21 24 55 40 33 81 30 61 69 5 14 83 62 86 1 27 16 54 1 87 53 9 8 65 11 25 12 19 77 88 85 99 84 39 35 98 22 86 53 42 6 13 6 5 9 57 28 17 48 31 10 94 61 19 12 77 76 33 94 13 58 1 87 6 68 97 13 32 41 92 52 15 97 78 27 61 0 56 62 67 67 5 61 34 68 73 36 29 99 94 8 22 96 37 56 11 97 89 66 45 38 48 42 29 62 18 57 31 74 20 99 93 77 12 27 45 85 63 26 36 9 
46 44 3 92 91 0 26 24 24 27 56 36 90 49 30 68 28 78 20 8 84 39 52 30 72 17 92 18 92 55 95 59 20 34 18 54 98 5 14 79 93 32 58 24 81 36 71 20 78 34 93 71 3 27 34 31 75 25 78 3 8 52 87 92 71 4 14 84 50 47 64 17 95 22 63 60 3 57 5 40 92 84 20 57 10 56 0 59 65 8 31 30 22 0 27 0 48 24 12 47 85 45 68 55 85 76 18 83 54 7 20 11 83 75 1 84 44 53 95 9 13 26 39 35 79 19 88 79 43 52 
13 10 47 30 44 59 3 63 68 42 98 97 98 53 24 18 62 70 29 80 79 32 5 45 56 15 0 1 86 25 72 79 44 23 98 74 2 19 75 48 55 75 71 24 43 31 55 52 73 89 11 27 47 62 94 0 43 97 25 74 5 3 87 87 35 19 62 54 24 56 64 7 17 63 70 14 1 81 82 35 83 3 61 88 30 62 59 0 68 56 40 90 1 35 74 87 23 56 49 72 92 56 60 48 4 24 75 58 62 53 84 62 18 2 39 27 30 37 17 98 45 9 41 46 45 67 86 20 23 35 
86 48 27 78 4 50 11 96 33 76 63 77 54 41 86 20 2 67 92 45 51 43 10 44 35 75 61 50 79 9 72 56 91 75 41 76 97 13 45 20 27 38 5 4 79 26 73 0 19 37 74 98 28 96 11 67 85 11 89 90 67 9 76 52 70 95 36 64 2 33 69 87 32 53 30 97 74 49 21 45 64 93 97 92 46 67 65 68 0 94 30 99 77 21 51 58 3 1 84 6 93 14 25 24 43 12 15 20 68 11 68 30 24 68 78 33 88 91 7 16 86 37 15 15 10 18 25 65 19 9 
77 9 75 39 75 14 99 61 58 39 8 45 17 20 80 62 93 92 19 51 19 15 96 82 88 56 52 18 47 37 10 9 31 36 40 46 20 95 77 80 45 51 29 60 96 95 13 44 68 72 14 3 19 30 58 68 80 8 19 20 74 81 54 45 87 46 80 46 86 45 72 85 99 63 12 8 11 33 61 3 27 67 5 30 28 67 8 56 94 0 96 2 98 60 79 63 97 2 0 20 28 98 10 24 73 83 32 48 27 30 45 81 5 44 14 30 0 66 90 82 5 87 36 55 99 15 19 97 18 19 
48 57 45 4 12 66 25 40 8 30 64 86 49 70 80 20 99 27 54 41 71 52 10 71 57 77 30 53 58 40 37 18 70 43 11 8 56 89 69 49 29 44 78 10 36 14 90 60 39 73 69 69 62 87 21 53 63 95 8 38 0 75 49 42 26 72 59 47 97 13 69 2 2 54 80 77 1 70 14 78 83 13 34 36 97 5 31 40 30 96 0 90 92 75 40 62 57 3 4 54 35 8 58 77 66 43 76 11 43 53 31 20 80 43 30 6 4 90 91 83 89 84 25 34 11 17 48 68 20 52 
8 20 36 59 84 33 81 48 10 3 10 61 7 90 71 82 38 1 53 39 53 81 53 23 34 28 1 28 7 98 96 25 52 5 52 57 18 76 35 8 89 9 32 80 26 11 71 4 88 51 6 29 70 13 9 38 87 83 90 36 77 65 13 84 79 1 52 83 78 16 24 66 20 47 93 63 4 70 99 19 29 59 19 91 13 61 30 90 99 2 90 0 2 50 97 34 36 51 51 23 91 42 88 85 33 69 83 41 40 97 91 17 22 87 53 49 14 89 75 74 11 16 37 65 18 87 0 54 38 3 
52 12 98 9 59 50 15 0 28 38 94 39 63 59 73 76 94 59 27 85 53 15 36 55 75 54 2 57 64 24 5 62 15 4 17 98 95 26 85 5 31 21 67 73 65 92 36 6 56 55 81 72 22 14 93 60 79 93 93 4 40 18 15 61 76 88 22 0 42 2 42 6 70 19 86 57 75 67 53 90 95 12 49 53 98 34 22 1 77 98 92 2 0 28 5 95 25 0 21 10 14 80 12 99 38 37 81 51 81 35 90 43 65 49 25 36 62 98 39 3 87 18 79 17 46 36 64 23 88 85 
87 66 7 4 57 29 76 72 78 12 62 7 16 55 57 8 81 16 24 81 39 65 56 48 92 16 17 9 35 15 76 43 30 83 92 94 18 46 93 32 16 50 70 39 73 57 22 32 45 21 98 83 81 48 32 77 87 83 32 63 40 95 30 49 72 18 0 9 94 97 39 91 95 15 53 2 89 95 83 16 34 26 95 39 0 68 0 35 21 60 75 50 28 0 72 15 48 47 48 8 37 58 57 12 42 58 7 52 51 94 53 74 35 14 54 63 33 36 54 44 31 62 74 79 23 98 46 71 46 94 
6 22 92 1 85 29 31 69 98 64 94 29 19 82 13 61 33 73 90 86 53 41 98 30 37 98 46 47 35 5 5 88 92 75 30 58 51 36 77 65 77 65 10 61 71 36 0 22 86 1 34 54 60 78 11 16 89 54 42 20 5 95 68 28 55 33 25 72 6 89 6 1 44 34 79 30 85 72 12 61 34 29 17 21 39 73 27 74 51 79 40 97 5 72 0 34 51 82 92 0 77 23 46 91 80 59 21 85 27 66 39 14 37 42 27 7 19 92 72 39 41 1 72 44 45 25 31 48 60 23 
31 39 61 84 4 12 28 65 73 93 3 82 71 60 39 17 26 6 98 70 11 98 72 55 0 0 77 98 94 50 18 81 1 23 88 47 45 85 94 49 69 58 15 77 10 48 47 30 7 80 10 89 90 90 1 29 31 18 96 24 80 83 58 89 19 27 71 45 88 48 37 7 54 94 39 58 94 19 22 54 64 68 35 28 50 36 0 87 58 63 62 34 95 15 34 0 29 10 86 89 84 52 85 68 27 69 19 12 16 0 24 49 0 22 86 9 84 78 14 21 71 56 0 74 72 25 98 1 87 36 
32 92 51 14 38 24 59 37 78 46 69 44 67 37 80 86 81 50 47 87 68 21 32 4 95 42 20 46 62 99 10 90 5 46 25 48 61 40 2 55 4 81 7 87 82 72 81 81 22 62 43 73 46 63 41 55 58 69 39 44 26 57 98 16 34 56 32 85 90 95 28 27 59 8 26 7 48 61 84 45 85 65 24 4 90 29 48 23 3 97 57 36 25 48 51 29 0 66 58 16 47 69 94 29 38 44 24 49 16 59 63 92 27 22 78 26 13 49 76 50 87 1 92 53 13 11 6 8 77 64 
56 32 10 50 31 71 20 13 52 12 83 1 83 21 41 77 77 60 24 79 16 51 59 47 55 73 34 95 4 44 12 50 38 86 95 48 15 28 12 62 6 3 83 9 54 4 7 81 5 91 50 48 67 82 57 45 2 16 45 72 99 75 12 19 39 28 87 8 69 41 85 36 93 47 1 89 98 32 52 85 84 41 56 10 32 99 24 56 1 2 3 51 0 47 82 10 66 0 38 34 17 87 68 52 74 25 30 61 60 54 71 80 47 29 82 93 6 13 35 29 83 77 8 13 45 27 8 91 83 46 
17 90 56 16 17 97 10 24 74 21 53 99 96 74 19 1 59 96 2 75 50 55 81 48 29 56 74 93 71 12 22 52 42 54 2 87 15 46 61 13 98 11 73 63 96 50 81 5 99 78 9 58 12 78 53 78 51 52 64 62 90 25 12 6 92 2 95 94 14 7 86 11 91 0 50 8 57 48 39 41 99 64 87 87 2 94 12 49 84 0 4 51 21 48 92 86 58 38 0 91 3 71 3 54 10 36 19 95 93 31 3 85 63 42 53 12 32 14 75 68 83 37 30 26 62 5 44 56 29 0 
3 89 36 39 53 72 9 53 42 90 9 80 13 45 33 96 35 22 38 35 40 69 97 19 85 32 79 54 93 96 10 4 43 5 65 1 23 64 40 98 63 72 91 78 4 14 26 27 6 19 7 67 64 85 10 84 77 7 98 0 14 31 4 53 50 88 28 61 42 64 71 42 11 47 0 28 54 76 31 91 65 43 47 74 56 8 47 72 6 20 54 23 10 8 0 89 16 34 91 0 18 14 62 86 51 15 86 76 5 91 5 22 46 59 44 88 99 21 13 93 3 76 35 89 85 60 51 0 38 48 
80 64 48 19 97 42 31 30 36 36 9 87 40 60 1 38 25 48 57 13 77 60 67 76 66 4 56 10 69 10 72 99 61 69 17 95 43 70 56 62 29 95 52 32 89 65 40 42 80 13 11 56 95 95 78 81 58 49 36 21 56 59 75 10 79 49 17 15 48 67 83 36 64 11 77 18 81 92 51 75 93 59 0 79 69 22 85 92 93 28 35 91 14 37 77 84 47 17 3 18 0 89 45 73 92 17 50 80 13 15 15 80 94 51 23 91 79 81 48 49 6 8 55 91 36 47 52 32 13 63 
17 36 56 53 50 67 95 79 4 71 94 6 45 27 29 68 8 2 55 5 68 67 18 92 50 32 64 54 81 92 87 54 74 54 14 68 89 88 62 84 60 73 85 42 63 92 23 40 51 59 12 56 15 13 87 27 9 71 68 8 54 93 49 50 95 86 35 88 24 6 45 82 96 88 22 23 79 0 54 19 59 24 36 22 51 96 45 56 14 98 8 42 80 58 23 52 69 87 71 14 89 0 89 90 95 61 79 59 46 92 76 65 44 80 35 62 61 21 57 54 92 76 14 81 15 73 76 63 79 15 
69 55 61 7 41 72 46 0 79 86 82 51 83 82 32 27 53 14 59 8 21 32 76 32 16 0 75 72 64 16 29 53 18 0 73 49 64 30 61 4 2 92 14 7 55 66 45 96 42 17 56 61 52 39 23 42 45 54 21 85 49 89 0 24 55 75 81 1 87 49 59 81 5 84 76 26 34 16 31 59 77 75 54 56 68 37 68 60 25 10 58 88 12 57 46 85 94 68 3 62 45 89 0 92 30 97 76 38 53 8 74 4 58 90 90 70 2 81 9 7 72 48 25 76 35 18 82 76 16 40 
80 46 76 93 23 25 93 59 43 89 3 70 1 55 72 77 75 72 5 49 11 80 88 99 11 58 24 74 78 39 74 78 30 6 14 43 10 23 0 66 74 98 15 6 94 78 59 5 93 14 22 0 74 26 62 51 40 95 8 63 8 83 67 87 40 40 19 72 8 19 72 13 2 28 74 64 0 3 83 89 58 43 33 30 77 56 55 48 24 24 77 85 99 12 91 68 29 52 54 86 73 90 92 0 19 77 4 58 95 53 71 41 48 51 64 28 60 38 69 86 17 70 81 54 81 66 35 87 21 76 
64 49 73 92 42 64 49 47 0 79 10 4 98 23 5 21 75 68 57 83 81 82 14 94 25 16 37 36 14 36 63 82 64 15 58 15 38 47 3 25 35 55 78 95 63 19 20 55 82 93 88 8 95 70 85 7 87 40 4 72 21 43 35 39 91 82 7 74 99 59 45 95 11 70 93 80 8 78 87 87 72 39 70 41 41 11 85 4 43 73 66 33 38 42 80 27 38 74 10 51 92 95 30 19 0 90 92 12 59 51 54 82 96 11 88 41 16 11 86 70 67 65 46 6 27 91 22 65 42 35 
53 81 22 39 98 77 41 39 50 7 86 29 51 9 91 15 27 5 86 87 96 20 3 40 61 24 51 14 6 42 53 13 66 60 60 66 48 39 68 33 99 34 89 55 88 74 14 13 94 3 33 61 27 46 59 8 1 26 69 99 77 35 0 30 99 80 89 25 68 90 27 2 1 59 19 3 4 67 27 26 91 47 81 90 37 97 76 24 12 83 43 69 37 58 59 69 44 25 36 15 17 61 97 77 90 0 0 44 66 23 10 66 24 37 33 43 62 80 40 62 42 54 60 42 99 50 40 39 73 65 
29 81 63 92 44 72 42 7 80 15 33 50 46 63 41 59 55 30 46 72 73 64 73 7 16 56 96 10 82 43 34 1 74 91 98 67 38 74 94 92 28 59 96 19 98 3 40 40 93 19 13 75 28 39 64 66 47 87 96 4 77 56 18 57 85 93 83 97 56 9 15 61 90 1 35 57 68 89 60 97 69 46 36 70 26 89 18 75 15 32 76 83 81 7 21 19 24 30 19 86 50 79 76 4 92 0 0 49 96 76 70 29 28 95 9 51 83 54 83 98 20 3 74 25 25 13 65 13 57 71 
74 30 37 97 66 18 24 42 27 81 94 12 77 59 80 0 15 38 38 88 34 25 87 78 92 15 12 47 31 41 1 23 47 44 53 95 2 26 40 46 40 97 62 18 7 55 14 48 78 28 27 41 71 12 9 55 43 81 62 89 3 38 6 31 32 24 30 58 98 33 46 70 85 72 21 33 81 78 27 93 45 8 61 22 61 66 83 58 20 48 11 41 51 52 85 12 49 61 95 76 80 59 38 58 12 44 49 0 61 20 54 59 0 16 86 4 99 84 59 67 11 46 98 51 15 56 28 64 54 93 
91 42 17 32 79 88 59 18 87 16 14 81 20 87 90 73 91 42 57 87 21 66 6 77 42 47 6 24 4 86 73 29 23 59 63 21 58 13 64 35 34 42 74 32 81 83 0 47 97 10 6 65 28 21 34 97 45 41 34 93 44 41 2 39 11 62 30 31 28 47 13 36 84 99 20 90 64 41 82 75 43 65 15 32 11 45 54 62 68 27 43 40 81 51 27 16 16 60 93 5 13 46 53 95 59 66 96 61 0 9 60 24 81 53 17 37 97 2 59 33 12 96 64 24 96 32 41 19 40 94 
19 64 23 69 99 49 35 84 72 95 75 66 54 81 17 0 50 60 66 39 7 36 78 23 7 19 45 44 33 28 52 87 6 1 22 43 35 26 89 68 78 44 67 57 59 5 31 97 52 44 79 80 84 57 67 97 99 95 65 76 86 81 82 10 69 20 11 28 58 42 98 91 73 49 13 28 58 43 29 37 43 73 35 97 40 38 7 53 11 30 53 97 35 94 66 0 59 54 31 91 15 92 8 53 51 23 76 20 9 0 30 11 61 14 63 78 75 42 83 27 60 66 27 73 89 58 3 96 33 8 
92 37 3 83 20 24 20 56 85 35 23 60 71 82 53 83 14 40 63 68 71 77 1 63 35 76 91 99 69 83 7 39 85 31 28 35 3 69 21 40 13 76 25 66 98 9 63 88 9 82 91 12 40 41 65 7 99 80 13 55 5 49 27 56 77 19 54 32 85 18 4 78 60 38 5 73 5 68 25 70 68 3 65 97 35 48 20 84 68 45 31 91 90 53 39 24 63 71 3 5 15 76 74 71 54 10 70 54 60 30 0 94 4 27 37 33 61 89 58 55 63 10 23 25 21 78 70 15 58 41 
41 44 48 62 96 42 26 51 21 2 27 85 58 34 98 76 94 67 49 19 89 5 59 74 9 55 65 96 73 77 55 60 81 99 77 6 43 93 63 72 66 73 37 83 8 33 0 26 76 29 67 94 40 89 94 39 63 54 47 49 87 19 89 16 50 12 2 51 3 43 13 3 39 18 95 95 57 40 15 62 29 87 30 34 98 42 11 62 30 81 20 17 43 74 14 49 92 80 85 22 80 65 4 41 82 66 29 59 24 11 94 0 63 94 45 39 48 49 82 13 57 1 90 67 4 68 9 24 86 90 
21 98 33 91 18 97 71 55 79 34 60 65 47 56 39 72 60 15 72 72 42 31 52 25 6 89 88 1 83 82 24 16 6 95 36 92 78 52 62 61 47 30 13 61 91 18 74 68 74 77 68 87 5 17 84 17 50 51 65 97 64 75 18 55 53 41 31 92 2 94 82 92 5 24 33 41 20 30 10 44 50 94 6 48 67 29 83 18 24 5 80 22 65 35 37 0 27 47 63 46 94 44 58 48 96 24 28 0 81 61 4 63 0 58 18 74 93 27 84 81 55 13 72 67 44 16 7 25 16 29 
34 17 12 86 48 86 91 32 98 7 29 0 50 36 44 1 57 70 59 78 73 34 61 33 12 22 50 24 93 99 50 12 64 89 86 15 68 8 94 34 35 88 13 54 29 93 26 75 76 67 58 73 82 30 99 78 0 35 78 22 56 64 46 39 87 3 55 68 56 33 46 56 63 18 81 97 41 69 98 26 57 85 20 48 1 62 75 2 68 44 43 87 49 14 42 22 22 29 42 59 51 80 90 51 11 37 95 16 53 14 27 94 58 0 23 78 60 18 51 77 15 12 19 19 79 70 56 22 22 28 
33 4 22 57 48 51 88 72 48 91 99 30 4 77 78 94 66 11 28 70 20 48 88 45 15 57 41 7 25 11 68 96 49 24 46 11 68 3 43 96 10 34 26 22 53 41 41 15 81 77 34 22 97 44 85 55 2 21 97 44 70 29 11 32 48 70 75 3 12 56 21 27 87 14 20 81 80 10 59 17 11 4 19 43 33 18 1 39 78 14 30 53 25 54 27 86 78 82 53 44 23 35 90 64 88 33 9 86 17 63 37 45 18 23 0 92 76 5 69 27 28 27 3 42 65 42 49 15 63 22 
41 95 76 56 67 76 49 20 95 57 47 49 91 22 41 54 43 2 76 97 72 57 91 50 4 20 51 48 40 25 96 32 84 81 95 39 16 3 60 93 60 91 91 26 64 17 80 20 43 61 57 6 10 21 8 74 76 79 66 39 51 11 83 29 69 57 74 14 46 17 62 7 12 8 54 13 68 38 14 67 90 43 33 92 79 57 84 27 33 30 6 49 36 63 7 9 26 93 12 88 91 62 70 28 41 43 51 4 37 78 33 39 74 78 92 0 91 5 65 71 16 20 99 36 89 33 69 19 47 59 
3 77 49 19 5 49 31 29 21 29 53 7 90 21 26 31 70 91 16 44 8 96 99 35 91 38 5 25 80 52 59 72 29 0 12 79 39 85 34 19 34 72 4 41 79 67 65 28 70 25 72 79 40 91 56 58 17 35 62 85 2 77 65 4 64 31 88 62 21 91 0 44 69 38 31 10 74 10 90 30 72 83 51 27 14 31 44 30 88 0 4 14 62 33 19 84 13 6 32 99 79 61 2 60 16 62 83 99 97 75 61 48 93 60 76 91 0 52 11 3 21 12 11 47 12 4 57 54 57 94 
80 0 26 50 40 4 67 48 73 18 55 18 47 79 61 15 94 89 0 30 4 39 40 75 39 27 86 25 17 66 15 56 70 59 16 18 67 9 57 27 55 19 36 47 86 29 12 36 59 63 80 94 52 71 72 39 29 46 27 47 79 33 99 76 71 75 89 87 14 3 85 97 82 37 35 41 83 19 16 9 3 40 39 0 43 74 53 37 91 66 90 89 98 36 92 78 49 13 14 21 81 21 81 38 11 80 54 84 2 42 89 49 27 18 5 5 52 0 75 45 98 56 98 48 2 88 48 33 95 28 
6 6 75 86 12 87 4 36 15 52 46 46 42 28 65 24 57 24 5 77 4 89 97 47 60 87 3 1 26 2 68 63 28 56 94 14 18 23 88 93 15 66 62 50 59 49 36 25 68 3 68 33 58 35 2 75 19 76 91 65 56 14 71 16 5 77 36 68 70 74 79 14 29 23 76 28 21 19 48 55 73 46 94 32 62 20 95 17 7 90 91 75 39 54 72 14 76 35 75 13 48 57 9 69 86 40 83 59 59 83 58 82 84 51 69 65 11 75 0 44 52 3 60 51 73 23 2 91 25 87 
42 77 76 49 9 51 42 77 6 57 16 37 97 15 64 51 24 58 8 42 59 40 61 31 26 65 18 27 12 61 84 81 72 27 53 8 37 50 31 92 13 62 61 45 10 93 90 81 90 14 98 29 68 87 68 78 3 47 51 75 22 86 93 56 34 26 77 78 23 25 69 31 53 91 61 8 0 12 64 75 36 28 48 19 60 99 9 98 16 82 83 74 3 44 39 21 50 29 68 93 49 54 7 86 70 62 98 67 33 27 55 13 81 77 27 71 3 45 44 0 32 19 80 25 83 9 71 62 26 55 
9 9 53 41 67 70 66 10 31 10 15 64 16 51 41 77 39 33 20 81 23 55 36 9 27 83 38 43 17 55 26 17 1 47 9 16 87 56 86 59 1 22 66 7 82 24 78 32 79 88 94 97 71 53 30 7 9 54 47 19 5 15 53 21 11 73 21 86 1 0 10 82 82 0 47 1 46 52 30 13 83 59 96 83 23 93 13 45 86 5 89 11 87 31 41 71 87 83 83 3 6 92 72 17 67 42 20 11 12 60 63 57 55 15 28 16 21 98 52 32 0 59 82 68 83 86 43 23 66 48 
6 63 72 90 76 53 81 28 76 82 10 84 43 98 45 96 9 51 11 71 27 93 7 18 70 16 85 7 36 42 57 33 50 51 57 74 74 64 57 43 45 62 92 13 96 15 78 85 7 76 89 55 72 74 75 80 34 23 51 55 8 41 72 10 31 49 47 15 20 39 48 17 84 30 57 5 22 42 62 85 8 12 80 68 59 77 26 9 37 87 84 16 18 62 1 56 1 77 37 76 8 76 48 70 65 54 3 46 96 66 10 1 13 12 27 20 12 56 3 19 59 0 38 92 21 7 62 46 53 67 
2 49 65 60 45 85 76 26 16 60 78 50 56 5 88 85 63 11 14 81 12 73 14 55 61 45 71 7 71 59 32 6 24 33 58 65 55 26 67 0 2 72 93 26 36 56 61 85 30 65 4 10 90 1 29 16 42 30 93 63 99 52 6 40 65 27 29 13 53 93 45 97 73 91 6 23 4 82 15 46 17 87 67 62 73 12 39 41 15 36 25 37 79 74 72 0 92 8 30 35 55 14 25 81 46 60 74 98 64 27 23 90 72 19 3 99 11 98 60 80 82 38 0 83 53 26 95 66 61 48 
62 22 4 3 27 72 82 62 12 0 9 3 80 10 66 5 33 92 99 18 77 70 24 17 3 89 93 52 33 80 83 80 69 51 26 14 34 83 72 16 84 96 33 32 99 17 14 90 35 43 27 21 46 67 75 19 40 0 92 24 45 33 20 34 87 61 96 86 95 3 4 88 4 19 34 10 21 72 83 3 78 71 45 36 22 27 35 46 15 55 34 65 17 79 44 74 53 13 26 89 91 81 76 54 6 42 25 51 24 73 25 67 67 19 42 36 47 48 51 25 68 92 83 0 91 34 43 69 40 74 
94 81 79 94 86 34 58 52 54 46 24 91 59 53 54 57 90 67 87 52 66 59 15 19 62 32 3 16 71 10 85 76 32 34 49 68 44 63 2 75 61 64 62 52 69 72 1 70 4 97 88 38 5 74 59 57 73 6 84 19 0 36 2 11 55 68 99 76 66 37 40 60 31 45 62 60 64 89 97 2 42 90 28 8 12 45 79 45 10 99 11 18 46 23 45 72 13 45 62 85 36 15 35 81 27 99 25 15 96 89 21 4 44 79 65 89 12 2 73 83 83 21 53 91 0 13 34 88 20 61 
60 72 57 61 83 66 59 47 67 24 25 79 27 40 1 47 96 36 56 19 17 66 13 37 50 43 18 6 58 17 89 94 69 60 88 23 58 15 96 17 31 89 56 39 60 45 13 59 16 66 38 64 50 31 40 84 83 36 87 83 57 99 74 20 20 12 6 85 60 34 52 98 70 77 85 5 41 7 27 7 51 17 36 84 65 85 19 67 18 15 17 87 36 98 25 25 11 27 5 60 47 73 18 66 91 50 13 56 32 58 78 68 16 70 42 33 4 88 23 9 86 7 26 34 13 0 84 64 3 22 
45 61 65 87 83 37 62 27 37 93 64 37 3 70 5 74 11 51 50 40 40 20 49 72 55 89 70 51 27 82 1 13 22 75 14 14 31 68 18 17 53 6 0 10 10 17 14 20 94 24 38 10 36 9 77 48 23 18 88 48 77 16 79 24 59 41 67 83 35 51 41 48 10 13 25 68 15 91 57 9 42 39 32 16 72 63 88 86 25 19 48 0 64 46 31 98 6 8 44 51 52 76 82 35 22 40 65 28 41 3 70 9 7 56 49 69 57 48 2 71 43 62 95 43 34 84 0 41 88 51 
26 25 82 8 24 59 69 90 32 92 93 88 78 90 34 43 71 69 34 91 35 32 99 75 57 27 75 62 85 9 47 19 90 32 27 17 58 3 5 82 66 45 22 91 3 97 34 51 26 60 31 11 52 38 0 13 32 27 75 15 78 93 52 79 41 76 31 13 57 32 68 87 43 53 89 19 12 2 81 99 28 55 52 64 2 26 79 20 65 97 68 54 23 71 48 1 8 91 56 0 32 63 76 87 65 39 13 64 19 96 15 24 25 22 15 19 54 33 91 62 23 46 66 69 88 64 41 0 77 12 
16 56 19 64 14 37 79 12 71 89 8 32 10 13 42 24 25 48 80 99 85 69 72 84 5 17 4 53 63 61 2 44 7 46 35 23 26 43 61 32 37 44 91 0 66 1 20 92 73 10 40 64 17 13 49 30 85 52 32 7 56 27 39 40 60 40 94 94 29 75 89 86 63 24 39 94 39 91 32 45 87 10 45 46 49 36 43 23 19 18 20 38 88 46 60 87 77 83 29 38 13 79 16 21 42 73 57 54 40 33 58 86 16 22 63 47 57 95 25 26 66 53 61 40 20 3 88 77 0 67 
63 52 21 55 0 34 72 3 11 14 18 36 0 44 77 75 22 99 52 16 91 28 82 73 84 98 96 96 98 94 76 18 16 81 68 53 46 66 80 31 3 17 26 25 6 67 47 77 93 2 47 69 49 39 82 78 75 22 53 62 67 93 43 30 51 43 63 77 50 58 28 11 53 65 27 28 72 39 48 2 93 56 19 56 26 9 52 35 9 19 52 3 85 94 23 36 64 46 0 48 63 15 40 76 35 65 71 93 94 8 41 90 29 28 22 59 94 28 87 55 48 67 48 74 61 22 51 12 67 0 
