150
0 55 95 51 88 61 74 42 22 37 55 79 11 47 23 41 22 23 32 22 60 95 85 65 4 25 34 88 76 68 22 12 75 17 64 64 31 38 58 5 27 66 37 91 13 12 32 35 87 64 9 47 12 47 65 16 24 99 56 0 19 79 13 95 48 29 11 31 19 21 89 47 87 26 38 52 38 70 88 77 86 49 24 98 96 89 66 73 88 75 73 60 6 38 55 6 19 18 38 39 39 79 86 27 5 76 31 95 98 71 72 84 21 96 35 69 38 53 42 26 28 68 38 86 58 93 93 78 11 83 17 51 62 55 30 19 31 13 14 81 85 38 17 6 86 52 27 24 58 22 
55 0 90 41 25 48 87 18 78 50 1 95 53 15 2 83 34 85 97 0 66 34 90 84 40 76 88 19 53 46 41 8 85 83 49 10 84 88 80 62 39 33 10 92 48 64 28 34 50 77 86 68 11 76 4 51 4 93 22 57 91 64 65 28 99 67 90 83 55 22 98 94 55 8 39 55 72 67 41 74 44 27 43 55 3 47 58 8 92 80 17 36 96 83 16 48 2 7 31 57 29 81 4 37 89 43 44 14 62 86 40 6 13 83 13 69 83 23 29 27 3 46 15 52 81 32 52 35 91 35 45 72 17 49 9 58 44 54 24 58 92 65 16 5 48 29 26 83 52 7 
95 90 0 26 11 87 10 63 75 1 51 20 74 68 21 35 26 17 89 51 75 81 16 91 39 16 72 17 0 76 25 63 83 31 41 47 70 4 62 45 5 13 65 31 81 38 67 60 55 8 11 82 42 79 25 33 95 97 50 47 73 27 62 9 58 56 8 29 60 70 26 17 84 92 1 17 82 68 77 38 28 40 20 22 19 46 55 67 95 58 66 21 85 81 82 96 37 90 25 49 60 51 66 96 95 67 14 78 87 43 68 68 84 88 90 55 86 98 74 34 8 41 55 45 22 37 41 11 79 66 12 39 70 78 88 65 98 2 95 37 97 63 57 81 4 0 89 42 98 63 
51 41 26 0 3 30 72 97 41 51 63 53 43 85 84 31 3 34 85 98 23 82 14 81 16 70 81 5 12 31 20 41 89 77 76 44 7 1 41 1 52 57 6 47 42 42 78 97 76 63 48 52 46 62 33 62 32 14 19 96 45 39 89 86 16 66 82 76 67 24 77 71 33 35 19 27 78 97 25 6 13 73 58 59 87 91 73 71 57 92 67 54 31 9 40 0 75 23 76 94 99 53 65 32 40 84 59 18 34 36 77 47 61 35 58 48 79 31 71 36 23 91 43 6 0 83 6 75 58 34 21 57 39 86 41 80 23 53 98 57 89 27 56 51 63 14 51 94 45 23 
88 25 11 3 0 66 61 37 93 19 71 14 29 11 52 22 91 75 75 41 84 65 21 40 68 36 6 71 30 3 46 64 75 12 90 54 78 3 43 23 74 14 37 3 77 90 78 20 17 53 14 54 70 35 46 90 71 53 62 53 56 8 17 84 21 59 90 51 62 33 75 37 47 64 92 77 54 70 97 24 76 11 78 98 98 24 89 69 77 51 22 86 11 92 70 84 51 60 36 66 45 63 3 44 27 47 21 34 70 71 58 46 34 36 44 33 60 85 2 90 88 77 28 0 21 50 36 72 62 72 90 7 87 93 51 15 93 73 49 63 96 7 61 30 95 5 63 7 91 18 
61 48 87 30 66 0 27 68 92 89 92 83 48 80 28 0 95 21 25 96 36 21 55 97 51 50 55 15 57 98 33 7 29 32 84 61 0 64 81 92 53 73 27 2 5 56 54 0 77 79 48 66 0 3 63 3 53 18 70 63 68 55 70 98 87 6 59 87 70 92 32 76 65 59 78 23 15 84 75 45 63 24 11 15 27 26 70 33 97 41 96 65 96 66 63 84 72 74 71 95 66 55 71 84 15 1 7 82 85 82 79 0 6 42 15 86 69 37 19 18 78 15 83 75 33 47 59 57 73 82 52 40 90 23 76 5 24 83 39 61 17 19 61 76 13 28 62 82 66 33 
74 87 10 72 61 27 0 30 42 56 65 95 48 55 70 24 12 47 59 3 8 29 22 70 5 36 98 19 70 16 4 23 61 4 59 32 89 94 15 31 2 32 78 51 87 49 27 51 96 39 54 56 68 29 78 25 17 29 96 87 45 0 62 6 4 21 91 93 15 6 76 18 90 55 21 77 4 0 80 52 91 34 60 59 15 39 36 32 68 32 20 13 32 82 72 36 56 63 81 23 21 58 93 11 13 14 40 69 67 72 73 58 58 33 70 74 72 6 6 92 39 78 6 71 13 30 60 69 93 41 92 66 51 38 29 16 52 21 37 71 45 10 30 3 96 52 77 20 58 36 
42 18 63 97 37 68 30 0 48 46 26 93 64 78 31 93 46 35 66 84 7 11 94 89 66 42 41 44 63 51 80 76 1 46 99 22 26 0 7 74 46 33 67 10 11 50 55 58 86 73 94 45 84 40 86 50 83 79 46 46 30 78 74 31 25 25 5 51 25 12 77 23 46 97 33 9 47 40 19 85 13 13 82 49 54 68 51 89 47 98 87 30 28 13 61 5 38 19 8 63 83 86 86 81 35 71 91 34 11 10 20 76 76 2 77 82 23 28 71 70 78 58 0 7 71 14 12 61 85 73 24 68 59 62 50 94 85 41 28 48 3 0 24 31 55 1 13 78 81 36 
22 78 75 41 93 92 42 48 0 52 56 54 72 67 68 22 13 53 15 94 1 71 94 77 2 1 30 68 79 12 4 32 24 51 33 43 20 52 78 51 56 35 57 28 54 78 51 68 31 18 62 85 89 8 62 44 10 93 12 41 57 68 73 81 71 58 76 44 62 54 47 18 41 4 47 96 34 50 16 66 68 30 51 10 90 65 54 52 10 18 94 67 38 19 0 62 30 76 6 92 31 53 63 24 9 10 72 44 12 40 62 32 70 65 42 61 30 48 13 93 66 59 60 57 79 13 19 61 89 77 5 72 82 68 97 91 30 21 87 42 62 1 75 32 66 69 45 49 18 59 
37 50 1 51 19 89 56 46 52 0 41 68 81 23 88 30 67 19 4 6 13 66 8 40 50 26 10 48 27 28 7 21 16 77 28 10 79 47 26 93 8 68 13 90 43 2 72 10 21 28 17 34 46 77 75 97 55 37 45 83 17 4 56 33 33 84 95 64 84 22 10 92 90 23 34 33 25 59 96 98 87 65 33 34 94 60 83 49 49 80 84 66 84 41 99 69 77 95 86 61 69 96 54 59 19 40 44 45 99 92 43 39 57 28 73 3 40 56 53 89 36 37 7 72 30 7 93 8 54 79 69 23 75 75 34 95 16 30 92 67 75 35 6 32 16 79 88 8 87 41 
55 1 51 63 71 92 65 26 56 41 0 90 45 0 66 31 47 34 14 39 1 89 26 8 73 42 39 61 3 27 2 53 54 85 10 54 46 27 99 67 49 23 57 95 75 75 78 22 9 92 61 63 81 40 71 55 34 62 16 37 41 71 90 96 8 1 2 6 28 1 73 77 76 82 24 52 10 3 74 71 47 88 34 29 80 57 36 14 20 52 52 61 75 42 57 83 43 59 89 23 12 14 53 89 49 77 93 59 32 19 82 80 59 17 61 39 74 97 54 46 1 6 8 29 0 17 12 96 29 54 19 93 20 24 34 69 54 27 80 86 47 63 18 6 32 31 46 58 28 0 
79 95 20 53 14 83 95 93 54 68 90 0 9 2 2 43 23 56 71 56 95 70 71 65 76 3 97 74 13 77 26 70 59 36 35 22 47 70 98 1 85 31 79 94 33 82 38 9 90 61 17 85 31 88 51 59 43 48 86 8 77 12 79 37 49 14 59 96 36 9 49 22 41 81 68 26 15 58 87 5 19 4 43 2 44 94 62 39 94 48 48 71 12 27 60 13 93 20 61 30 81 63 4 74 44 24 1 11 83 40 16 54 45 59 57 41 5 71 81 99 71 29 23 83 8 83 49 1 55 10 31 37 73 87 11 69 12 64 80 47 57 49 1 54 60 10 95 18 33 28 
11 53 74 43 29 48 48 64 72 81 45 9 0 77 42 84 46 54 0 79 1 57 80 54 11 40 65 59 10 98 87 80 55 97 72 95 66 0 36 37 32 87 92 4 16 86 88 63 40 41 42 93 98 22 99 62 14 16 21 25 15 60 57 22 9 29 69 76 30 5 65 14 44 9 18 61 95 59 76 87 0 70 80 50 44 32 64 10 48 85 35 15 98 92 37 7 74 6 83 56 63 1 70 60 10 40 73 6 51 49 93 51 71 26 54 15 58 18 25 6 56 13 74 54 57 63 61 31 70 97 87 85 98 9 97 8 50 70 14 1 71 60 5 42 86 11 57 96 29 83 
47 15 68 85 11 80 55 78 67 23 0 2 77 0 38 49 60 40 19 27 41 91 87 98 85 25 9 43 21 91 78 27 28 26 56 20 83 0 25 72 66 79 53 17 31 91 66 91 31 38 70 24 81 9 23 66 34 84 9 7 75 39 35 4 65 43 24 1 95 1 25 61 80 78 78 11 69 45 54 52 35 25 77 16 34 52 82 21 36 44 28 12 83 15 68 1 10 92 2 5 45 27 66 25 6 97 36 27 94 90 80 29 67 9 45 2 13 79 23 49 75 3 13 59 71 81 12 33 25 14 39 70 93 57 47 51 54 35 31 48 78 11 29 45 72 26 99 85 6 74 
23 2 21 84 52 28 70 31 68 88 66 2 42 38 0 33 67 89 68 98 90 98 61 71 44 85 98 95 70 56 70 9 89 0 61 34 1 98 38 87 61 61 13 47 77 0 80 96 89 0 47 31 51 60 55 47 46 53 42 68 61 12 77 50 12 90 84 65 89 75 53 50 88 18 49 65 18 81 13 59 34 60 43 85 21 98 32 67 3 74 35 16 39 65 18 3 55 55 69 96 30 74 99 18 44 48 35 14 82 48 73 16 61 68 1 34 18 85 1 73 11 88 89 50 5 8 6 13 15 75 9 45 49 60 15 45 61 2 59 43 2 84 59 63 53 12 97 23 97 50 
41 83 35 31 22 0 24 93 22 30 31 43 84 49 33 0 90 44 31 49 87 34 33 46 49 38 10 47 14 7 49 63 68 40 53 31 89 4 0 50 69 96 73 80 93 57 9 83 53 41 84 41 75 69 39 24 8 50 23 22 9 25 37 29 17 90 12 6 46 12 9 16 60 34 96 53 43 57 88 97 98 72 90 25 42 29 2 50 31 77 24 41 2 13 22 20 55 35 78 2 47 39 18 60 26 66 13 69 23 2 18 74 26 60 51 68 42 5 70 73 83 46 66 85 59 89 57 15 24 36 17 23 27 35 35 53 1 49 75 76 3 45 2 29 6 54 50 0 59 20 
22 34 26 3 91 95 12 46 13 67 47 23 46 60 67 90 0 50 69 85 79 24 83 81 5 89 87 55 41 99 76 66 93 43 58 25 21 43 67 67 52 96 29 37 1 79 57 64 81 78 1 60 54 84 94 59 25 81 15 66 80 91 33 26 86 43 51 59 39 70 26 43 67 56 80 20 87 89 84 68 19 86 29 73 22 23 33 48 56 0 66 89 43 51 15 81 47 66 40 86 89 19 29 56 27 62 76 14 3 61 82 23 99 63 48 73 38 33 73 95 33 40 36 28 43 51 9 90 69 2 76 58 73 58 14 0 20 43 66 75 56 0 98 55 64 99 80 54 32 54 
23 85 17 34 75 21 47 35 53 19 34 56 54 40 89 44 50 0 78 53 66 34 5 16 41 21 15 21 76 0 27 77 18 73 67 16 63 55 76 95 65 38 55 86 25 22 21 12 12 51 17 78 37 23 95 78 44 62 51 20 62 79 50 80 4 17 49 19 24 25 14 42 16 70 28 41 44 1 54 8 52 71 39 89 46 86 19 91 48 22 63 11 1 13 43 58 82 92 77 7 70 44 49 86 66 29 27 62 30 33 70 34 57 61 75 3 47 94 94 96 68 10 59 70 23 54 80 58 47 57 65 69 53 14 55 19 95 34 81 25 68 4 11 25 65 86 28 65 32 75 
32 97 89 85 75 25 59 66 15 4 14 71 0 19 68 31 69 78 0 18 73 56 22 84 81 88 70 61 53 54 88 66 7 25 90 29 38 68 84 60 94 96 96 40 61 49 42 98 46 30 17 71 86 39 56 19 79 78 32 84 85 21 2 92 98 44 21 88 13 57 49 59 53 45 99 67 46 93 65 44 23 82 16 61 74 72 80 5 2 13 90 87 86 44 79 84 89 53 73 2 10 22 61 64 19 12 31 65 6 48 10 81 31 78 43 57 50 23 62 4 88 4 92 74 49 23 11 38 76 84 40 39 58 53 55 29 65 38 46 23 86 8 5 69 86 48 26 88 23 41 
22 0 51 98 41 96 3 84 94 6 39 56 79 27 98 49 85 53 18 0 70 7 79 75 77 18 75 55 6 51 96 99 63 42 36 53 36 97 55 21 86 40 97 14 88 79 97 12 26 18 35 48 77 67 24 54 85 51 62 91 2 58 43 17 0 31 71 89 80 78 62 66 18 11 32 6 90 81 71 68 51 58 17 29 25 93 35 10 44 97 54 99 56 49 16 8 80 39 49 61 17 63 79 88 75 12 46 17 93 69 38 45 28 7 74 53 0 61 16 96 59 22 95 67 71 64 27 51 55 29 64 73 92 44 13 19 56 59 89 1 29 27 98 9 34 24 62 86 86 78 
60 66 75 23 84 36 8 7 1 13 1 95 1 41 90 87 79 66 73 70 0 80 52 95 41 38 20 3 24 6 34 59 3 86 41 19 10 39 62 37 40 35 80 19 0 16 58 36 11 9 62 8 41 66 4 82 5 24 38 81 82 72 40 37 10 33 8 72 72 70 61 65 57 42 84 9 10 94 46 21 4 60 82 97 26 86 32 83 62 70 65 96 94 57 85 56 91 93 29 15 63 42 32 73 36 68 82 46 63 80 20 19 40 2 68 19 40 0 2 54 70 19 2 16 77 87 73 68 32 2 35 47 96 68 20 33 88 3 79 51 83 51 22 76 5 91 47 97 91 49 
95 34 81 82 65 21 29 11 71 66 89 70 57 91 98 34 24 34 56 7 80 0 70 88 11 27 79 58 77 70 59 80 84 80 38 15 78 82 18 96 11 76 2 35 30 75 31 17 37 31 87 3 18 57 91 29 37 70 39 14 92 50 94 77 83 84 44 13 67 14 10 78 90 64 65 72 39 96 41 29 79 29 32 97 38 75 78 75 45 69 41 89 72 88 18 55 72 62 68 39 29 30 69 71 94 34 44 34 83 37 15 14 66 47 64 57 22 42 84 19 64 26 60 36 66 79 91 38 93 11 30 22 94 99 46 88 86 90 74 21 79 89 35 98 88 99 55 10 94 39 
85 90 16 14 21 55 22 94 94 8 26 71 80 87 61 33 83 5 22 79 52 70 0 2 58 39 53 13 2 47 5 35 9 74 29 55 58 2 96 32 21 49 88 14 95 43 53 82 37 34 44 51 94 47 5 53 86 59 18 40 58 75 76 68 50 57 23 60 60 72 92 33 21 32 99 68 75 52 51 12 86 47 16 32 94 21 37 32 80 8 73 39 83 1 59 85 58 34 45 70 6 89 3 79 21 2 48 49 6 51 61 44 98 29 29 92 3 66 24 35 26 97 74 10 50 85 47 9 20 45 31 26 86 87 6 8 41 54 9 48 5 22 44 55 52 73 47 55 40 71 
65 84 91 81 40 97 70 89 77 40 8 65 54 98 71 46 81 16 84 75 95 88 2 0 25 55 14 24 62 6 95 4 25 68 73 5 92 28 33 28 2 58 44 3 70 99 62 89 96 27 70 92 97 73 33 74 80 48 98 94 54 46 98 31 66 24 37 10 52 22 39 6 81 83 62 3 35 76 92 31 4 14 23 53 39 57 28 71 57 78 65 11 24 16 43 91 40 32 53 44 54 92 50 87 76 64 90 11 41 35 94 97 1 17 50 41 26 30 12 83 61 30 47 37 46 42 80 86 74 34 82 80 26 32 20 54 49 10 17 42 97 11 39 99 81 41 92 7 24 56 
4 40 39 16 68 51 5 66 2 50 73 76 11 85 44 49 5 41 81 77 41 11 58 25 0 32 60 65 91 84 22 34 69 8 76 44 41 12 99 11 22 88 64 65 55 1 27 77 39 52 65 67 27 68 86 48 52 46 14 43 31 88 30 52 96 58 96 89 71 47 53 45 35 69 10 43 70 90 20 61 94 37 28 21 5 14 22 57 12 88 53 43 76 83 48 72 41 96 14 64 44 67 10 31 36 72 74 58 14 95 19 9 32 99 82 90 65 4 99 77 92 52 73 20 35 21 45 29 17 59 45 13 78 7 45 66 80 19 76 46 66 47 55 51 98 90 93 63 46 92 
25 76 16 70 36 50 36 42 1 26 42 3 40 25 85 38 89 21 88 18 38 27 39 55 32 0 94 0 99 41 45 92 32 90 9 43 74 96 52 88 4 71 99 25 69 17 44 32 16 82 24 13 38 14 17 98 51 12 50 2 5 95 46 37 37 56 32 12 4 36 0 8 8 99 85 77 16 29 9 84 63 85 49 2 0 67 52 51 31 2 5 88 50 52 25 87 8 9 99 64 46 51 24 54 2 9 31 19 91 40 55 54 26 5 8 78 24 60 81 7 15 86 95 65 38 72 52 98 81 4 62 27 55 86 81 58 48 12 29 39 5 36 45 83 41 54 61 17 66 42 
34 88 72 81 6 55 98 41 30 10 39 97 65 9 98 10 87 15 70 75 20 79 53 14 60 94 0 47 1 31 89 77 13 70 49 11 41 92 62 10 69 69 94 22 84 17 8 8 39 6 62 53 62 4 12 48 87 77 48 40 8 89 70 21 59 19 85 0 63 99 63 33 69 9 7 5 78 15 13 18 73 75 23 35 79 35 36 19 12 84 59 72 73 29 46 85 0 31 37 16 30 0 1 51 10 8 56 88 75 70 58 48 45 81 36 77 68 72 48 80 8 59 53 33 89 51 18 41 82 56 57 12 56 58 64 18 18 20 7 93 42 65 94 88 99 82 17 67 6 65 
88 19 17 5 71 15 19 44 68 48 61 74 59 43 95 47 55 21 61 55 3 58 13 24 65 0 47 0 44 77 7 44 43 84 49 90 1 57 8 60 95 82 29 49 65 8 68 66 57 59 26 0 44 51 89 18 28 60 60 24 89 68 20 32 4 69 23 5 78 83 66 25 18 47 74 83 55 94 1 12 5 27 65 50 30 54 68 10 67 28 86 8 48 6 41 52 27 16 58 5 99 24 30 69 71 57 52 78 51 5 42 57 84 7 7 67 14 27 77 33 55 16 93 56 22 34 8 50 2 18 55 54 42 38 23 65 95 28 95 98 33 90 55 18 49 14 85 15 41 14 
76 53 0 12 30 57 70 63 79 27 3 13 10 21 70 14 41 76 53 6 24 77 2 62 91 99 1 44 0 9 47 47 10 30 41 15 35 21 81 90 4 65 4 93 91 5 6 87 4 46 31 50 20 12 4 16 95 24 97 94 33 45 41 44 27 34 11 62 7 92 4 64 57 8 9 1 65 15 40 70 62 71 72 34 36 28 51 31 52 0 25 38 97 18 34 24 4 45 86 12 90 42 28 47 51 37 0 68 53 41 90 67 64 63 53 0 43 56 32 96 57 57 34 6 28 20 31 32 65 69 96 55 12 24 55 15 14 55 35 67 48 26 86 13 41 39 13 84 48 45 
68 46 76 31 3 98 16 51 12 28 27 77 98 91 56 7 99 0 54 51 6 70 47 6 84 41 31 77 9 0 50 66 56 57 85 19 92 75 14 60 31 30 76 43 10 16 61 5 23 87 35 96 14 44 8 53 93 11 6 27 62 9 46 18 66 83 89 59 58 55 71 90 37 99 85 47 67 98 4 90 38 40 39 4 36 99 57 29 10 16 9 24 25 55 94 43 90 83 54 48 39 77 90 28 76 27 76 44 78 80 86 68 72 77 72 60 76 29 90 38 97 99 62 22 6 56 66 96 40 72 44 31 50 87 59 26 66 87 22 44 20 61 12 44 38 36 5 15 66 95 
22 41 25 20 46 33 4 80 4 7 2 26 87 78 70 49 76 27 88 96 34 59 5 95 22 45 89 7 47 50 0 51 29 13 19 19 65 44 75 65 60 55 61 60 86 45 71 95 47 69 26 93 40 19 4 55 2 52 75 0 17 42 3 98 55 23 17 72 19 44 37 31 52 98 91 90 95 14 85 42 36 11 88 76 82 92 83 36 96 10 36 14 52 92 64 59 15 34 31 86 78 20 17 82 70 9 72 66 75 57 60 11 21 48 39 55 93 22 92 89 84 80 3 36 72 68 47 39 2 78 25 32 50 43 67 21 4 39 39 79 49 99 43 70 0 82 77 93 57 21 
12 8 63 41 64 7 23 76 32 21 53 70 80 27 9 63 66 77 66 99 59 80 35 4 34 92 77 44 47 66 51 0 54 79 39 36 5 97 13 75 9 73 71 54 32 61 17 15 8 20 86 86 24 60 55 98 86 10 2 53 71 27 6 77 6 46 13 63 95 78 91 5 52 14 11 36 27 80 51 35 53 89 21 77 1 28 28 87 39 82 92 62 61 99 91 19 97 4 82 92 34 25 49 86 39 60 74 67 93 78 54 46 67 28 75 21 8 3 8 47 37 1 61 98 52 52 17 49 8 52 41 43 77 91 81 69 3 8 88 96 86 94 94 53 22 70 26 83 25 35 
75 85 83 89 75 29 61 1 24 16 54 59 55 28 89 68 93 18 7 63 3 84 9 25 69 32 13 43 10 56 29 54 0 86 52 0 78 0 83 71 57 18 6 61 82 83 95 16 64 88 89 46 20 57 22 5 0 20 16 25 43 15 81 30 53 85 82 84 86 65 55 95 83 61 57 17 45 4 85 61 44 75 7 64 84 81 69 84 1 38 10 45 5 43 27 58 81 9 94 67 26 50 14 61 11 71 78 8 27 64 70 72 91 29 88 75 11 58 12 12 48 74 57 53 17 36 63 50 45 58 17 71 8 32 84 71 55 63 32 83 79 2 7 70 31 95 97 94 5 9 
17 83 31 77 12 32 4 46 51 77 85 36 97 26 0 40 43 73 25 42 86 80 74 68 8 90 70 84 30 57 13 79 86 0 7 27 70 12 1 25 14 85 98 40 29 55 51 45 72 24 44 71 29 46 78 3 31 32 75 62 43 57 1 60 26 60 88 96 72 41 21 86 27 72 79 8 79 30 53 51 54 50 23 83 96 53 39 79 37 14 41 80 23 94 93 49 54 33 45 78 26 19 17 53 43 96 14 22 26 19 26 32 69 49 68 17 54 7 48 91 21 90 71 45 36 16 46 43 1 44 21 28 15 90 33 58 86 47 32 64 67 58 49 36 59 17 6 13 24 54 
64 49 41 76 90 84 59 99 33 28 10 35 72 56 61 53 58 67 90 36 41 38 29 73 76 9 49 49 41 85 19 39 52 7 0 85 8 11 78 88 61 15 90 87 67 34 98 29 64 9 23 11 87 28 59 54 45 24 26 75 13 5 13 4 81 28 89 41 91 67 30 52 82 72 91 1 6 41 30 70 51 53 34 90 34 93 44 79 18 23 6 83 28 71 39 61 51 28 3 42 47 85 46 81 57 89 82 63 31 12 85 34 18 71 24 4 17 21 83 87 44 41 22 24 64 62 38 16 42 41 58 90 78 57 23 35 46 6 50 29 70 87 63 88 11 40 92 28 13 27 
64 10 47 44 54 61 32 22 43 10 54 22 95 20 34 31 25 16 29 53 19 15 55 5 44 43 11 90 15 19 19 36 0 27 85 0 10 74 35 11 20 51 74 8 46 95 71 79 62 41 63 10 81 86 74 9 72 78 34 86 47 87 67 73 60 89 37 70 63 72 33 35 75 59 95 21 54 67 53 68 60 16 79 41 54 5 2 26 84 37 12 31 24 31 57 36 20 94 58 36 66 91 71 41 2 19 15 57 38 68 25 98 36 56 39 90 62 41 68 98 78 80 81 54 11 38 90 83 32 48 19 50 91 91 44 94 62 59 3 0 79 28 98 67 37 37 9 51 30 77 
31 84 70 7 78 0 89 26 20 79 46 47 66 83 1 89 21 63 38 36 10 78 58 92 41 74 41 1 35 92 65 5 78 70 8 10 0 20 32 79 25 90 54 29 40 72 29 36 4 88 35 36 30 15 66 87 31 33 53 51 83 96 19 41 0 70 67 24 42 51 4 68 94 58 49 86 83 79 23 39 19 10 76 2 25 42 89 9 76 43 12 59 91 31 52 92 54 72 68 96 23 72 16 17 83 18 4 18 49 79 57 68 89 33 70 67 76 12 28 4 7 40 15 98 23 67 42 77 39 11 26 15 35 94 32 18 12 88 36 61 67 46 82 9 79 4 28 7 16 8 
38 88 4 1 3 64 94 0 52 47 27 70 0 0 98 4 43 55 68 97 39 82 2 28 12 96 92 57 21 75 44 97 0 12 11 74 20 0 24 22 88 4 53 93 71 79 82 8 17 59 82 68 8 54 54 66 6 44 4 17 50 50 91 32 44 44 40 14 47 65 88 88 21 42 81 92 21 15 52 90 26 35 10 35 41 64 1 47 8 58 16 59 8 60 43 5 4 84 71 4 49 59 92 22 1 25 14 22 40 18 12 18 53 23 53 95 39 7 94 48 65 63 59 25 23 2 30 79 86 1 83 87 61 75 9 14 0 75 37 92 94 1 11 99 76 16 46 16 75 93 
58 80 62 41 43 81 15 7 78 26 99 98 36 25 38 0 67 76 84 55 62 18 96 33 99 52 62 8 81 14 75 13 83 1 78 35 32 24 0 75 57 38 21 12 53 90 29 35 12 22 53 79 60 77 8 98 78 54 35 46 76 64 83 42 2 94 78 18 35 14 93 92 53 14 57 58 57 38 93 21 60 99 52 73 76 61 71 6 15 58 5 43 75 88 85 77 34 15 95 70 30 41 14 83 7 23 41 64 62 87 38 74 86 90 47 14 3 71 73 19 29 78 62 4 18 0 81 4 15 77 74 45 18 41 80 77 16 74 42 78 61 32 53 99 22 0 65 26 71 38 
5 62 45 1 23 92 31 74 51 93 67 1 37 72 87 50 67 95 60 21 37 96 32 28 11 88 10 60 90 60 65 75 71 25 88 11 79 22 75 0 93 60 22 17 98 85 22 65 64 53 27 73 45 20 36 88 88 51 97 82 37 96 77 29 15 32 78 25 98 18 26 91 78 1 60 28 86 83 45 2 88 72 27 34 93 15 22 81 66 71 16 56 19 93 85 87 77 15 12 75 33 91 18 63 92 79 43 30 14 88 84 2 61 11 36 6 27 11 39 45 34 7 1 6 53 38 93 30 5 57 6 90 48 24 53 40 3 96 22 17 37 6 72 98 18 60 56 97 23 95 
27 39 5 52 74 53 2 46 56 8 49 85 32 66 61 69 52 65 94 86 40 11 21 2 22 4 69 95 4 31 60 9 57 14 61 20 25 88 57 93 0 3 73 3 18 94 91 78 70 75 60 16 97 48 34 20 55 13 0 10 15 75 8 27 57 54 3 47 35 40 75 55 43 0 10 14 46 1 44 17 29 4 33 78 52 68 98 59 81 98 22 48 25 82 75 34 37 30 33 72 70 61 79 65 61 90 31 8 43 75 25 72 79 10 2 84 78 1 43 11 51 65 59 29 0 86 15 37 16 49 9 38 10 40 4 71 82 35 31 26 63 8 50 94 19 5 78 49 58 74 
66 33 13 57 14 73 32 33 35 68 23 31 87 79 61 96 96 38 96 40 35 76 49 58 88 71 69 82 65 30 55 73 18 85 15 51 90 4 38 60 3 0 28 47 90 10 69 78 75 30 2 69 3 83 14 22 82 64 71 35 72 95 49 94 10 88 54 68 37 72 7 18 45 36 65 35 98 86 65 25 17 68 95 72 51 9 46 85 26 17 21 50 12 22 44 74 10 50 43 0 22 50 18 67 38 84 2 89 22 20 14 39 88 61 63 91 23 9 28 49 79 1 51 91 24 48 18 34 98 61 34 21 63 5 88 54 41 43 43 63 63 9 3 3 23 18 94 46 28 74 
37 10 65 6 37 27 78 67 57 13 57 79 92 53 13 73 29 55 96 97 80 2 88 44 64 99 94 29 4 76 61 71 6 98 90 74 54 53 21 22 73 28 0 91 92 1 98 95 20 99 93 3 64 53 40 31 35 96 45 64 80 85 91 75 49 69 69 65 46 83 15 19 30 91 11 23 92 61 70 13 60 16 68 76 69 8 60 4 57 57 20 37 42 12 65 91 33 34 56 79 69 23 99 99 14 10 74 7 71 45 72 83 13 40 60 82 0 20 38 57 77 59 47 71 23 12 62 56 98 70 36 67 93 87 66 60 49 41 19 72 38 43 55 51 83 67 85 35 39 23 
91 92 31 47 3 2 51 10 28 90 95 94 4 17 47 80 37 86 40 14 19 35 14 3 65 25 22 49 93 43 60 54 61 40 87 8 29 93 12 17 3 47 91 0 82 23 69 63 61 49 15 23 68 58 88 89 36 25 96 2 50 78 60 95 90 63 79 12 69 17 96 30 31 82 11 65 57 80 81 70 30 96 93 50 7 34 39 95 59 87 49 9 65 10 56 8 25 36 20 94 5 69 76 88 51 88 6 61 68 87 31 50 35 25 0 94 59 40 90 70 79 39 32 45 1 88 5 78 76 25 25 82 46 1 70 98 89 28 59 10 15 42 60 3 19 61 97 30 53 39 
13 48 81 42 77 5 87 11 54 43 75 33 16 31 77 93 1 25 61 88 0 30 95 70 55 69 84 65 91 10 86 32 82 29 67 46 40 71 53 98 18 90 92 82 0 50 16 3 81 51 74 74 53 88 28 59 22 94 14 86 14 8 3 18 34 5 3 44 80 75 17 6 59 78 67 54 80 83 9 14 86 83 40 40 72 68 51 46 15 65 84 81 25 39 99 59 44 54 55 24 30 72 82 89 2 50 95 35 85 56 49 72 40 41 64 64 10 67 62 77 32 46 58 9 85 9 69 29 15 76 5 45 49 40 87 3 42 34 38 27 91 39 51 31 81 15 47 43 82 9 
12 64 38 42 90 56 49 50 78 2 75 82 86 91 0 57 79 22 49 79 16 75 43 99 1 17 17 8 5 16 45 61 83 55 34 95 72 79 90 85 94 10 1 23 50 0 34 71 93 12 91 85 80 3 28 80 96 39 78 84 85 38 44 49 52 86 41 11 19 30 90 11 96 52 54 89 33 41 12 26 5 4 11 85 59 91 17 56 31 96 92 16 34 89 17 38 75 58 49 47 40 92 10 36 96 16 78 29 9 90 7 14 46 70 52 6 62 69 14 45 17 58 13 3 47 30 42 75 88 43 22 28 87 84 16 84 0 94 65 10 37 25 24 83 95 76 41 9 98 55 
32 28 67 78 78 54 27 55 51 72 78 38 88 66 80 9 57 21 42 97 58 31 53 62 27 44 8 68 6 61 71 17 95 51 98 71 29 82 29 22 91 69 98 69 16 34 0 44 78 40 41 35 62 64 20 67 34 82 65 13 42 19 51 70 39 9 68 73 68 28 43 16 96 27 86 8 58 42 4 36 83 45 23 45 9 44 64 43 78 81 9 73 53 60 43 92 21 11 65 89 91 60 58 87 88 96 47 98 91 51 35 74 49 10 71 58 6 87 54 85 68 15 58 21 75 53 66 49 16 83 38 8 44 48 47 84 45 95 82 88 98 69 62 47 32 85 58 38 24 64 
35 34 60 97 20 0 51 58 68 10 22 9 63 91 96 83 64 12 98 12 36 17 82 89 77 32 8 66 87 5 95 15 16 45 29 79 36 8 35 65 78 78 95 63 3 71 44 0 66 23 61 50 35 13 95 95 96 26 16 70 32 2 68 31 18 51 0 93 24 53 24 53 74 52 0 58 75 62 89 94 86 3 44 21 16 91 68 64 17 37 35 2 91 55 85 61 6 86 55 30 39 79 35 13 31 88 23 59 50 13 5 88 16 1 10 84 92 30 0 62 67 35 64 10 42 49 72 48 87 27 31 27 58 18 92 41 6 16 52 57 81 9 97 49 10 7 33 55 90 85 
87 50 55 76 17 77 96 86 31 21 9 90 40 31 89 53 81 12 46 26 11 37 37 96 39 16 39 57 4 23 47 8 64 72 64 62 4 17 12 64 70 75 20 61 81 93 78 66 0 80 11 96 27 47 26 70 46 68 99 0 0 65 23 94 4 31 59 58 26 17 29 94 97 46 16 11 33 35 95 96 67 58 92 94 57 71 17 4 39 68 4 92 33 28 38 37 11 97 95 37 66 24 32 16 23 0 27 56 35 74 5 2 32 97 49 89 68 66 45 8 34 50 52 67 30 90 56 41 39 51 31 6 28 15 74 51 15 1 59 2 27 64 56 11 14 5 52 82 71 98 
64 77 8 63 53 79 39 73 18 28 92 61 41 38 0 41 78 51 30 18 9 31 34 27 52 82 6 59 46 87 69 20 88 24 9 41 88 59 22 53 75 30 99 49 51 12 40 23 80 0 48 58 84 95 53 35 56 5 86 51 33 88 37 67 37 70 29 21 39 23 28 84 6 89 63 56 20 50 74 40 98 74 98 34 69 3 69 77 60 55 28 94 43 18 13 33 40 94 6 31 17 34 67 75 23 82 32 96 32 58 88 82 32 38 16 53 41 85 82 53 40 10 99 36 80 64 21 72 58 27 3 28 61 70 3 84 4 87 32 88 97 20 70 81 58 86 34 99 23 16 
9 86 11 48 14 48 54 94 62 17 61 17 42 70 47 84 1 17 17 35 62 87 44 70 65 24 62 26 31 35 26 86 89 44 23 63 35 82 53 27 60 2 93 15 74 91 41 61 11 48 0 82 47 35 7 29 48 71 97 13 59 33 82 62 1 8 18 28 55 50 91 82 35 41 64 36 54 61 35 81 60 68 63 8 56 22 89 56 94 38 69 53 23 4 15 24 12 85 4 20 88 95 2 75 89 18 11 43 79 47 76 91 67 91 51 75 13 40 84 7 30 5 12 54 9 28 30 74 65 35 94 53 82 96 28 71 66 92 66 97 39 42 88 58 33 40 86 99 32 70 
47 68 82 52 54 66 56 45 85 34 63 85 93 24 31 41 60 78 71 48 8 3 51 92 67 13 53 0 50 96 93 86 46 71 11 10 36 68 79 73 16 69 3 23 74 85 35 50 96 58 82 0 83 89 49 27 80 49 9 70 82 61 18 30 41 38 47 57 8 68 89 95 75 29 52 3 27 60 27 47 62 11 36 97 52 85 25 32 86 34 54 69 48 24 99 89 62 99 98 23 67 87 18 42 69 23 97 96 35 24 43 97 35 31 94 39 68 71 23 55 58 77 24 6 54 75 95 68 74 93 91 41 33 62 83 54 85 32 2 20 57 97 69 44 29 15 84 49 87 7 
12 11 42 46 70 0 68 84 89 46 81 31 98 81 51 75 54 37 86 77 41 18 94 97 27 38 62 44 20 14 40 24 20 29 87 81 30 8 60 45 97 3 64 68 53 80 62 35 27 84 47 83 0 84 79 34 99 90 15 16 39 8 41 86 38 46 87 11 12 39 48 12 86 87 40 13 44 79 75 54 63 26 91 51 10 70 85 10 12 53 78 4 61 19 90 52 17 29 15 81 68 63 45 6 51 85 20 95 17 47 1 32 73 92 83 84 15 69 46 79 74 76 83 87 47 25 39 64 55 55 46 75 18 91 82 69 29 2 16 46 1 18 78 75 62 13 11 77 82 57 
47 76 79 62 35 3 29 40 8 77 40 88 22 9 60 69 84 23 39 67 66 57 47 73 68 14 4 51 12 44 19 60 57 46 28 86 15 54 77 20 48 83 53 58 88 3 64 13 47 95 35 89 84 0 18 80 20 26 8 29 69 93 95 73 15 6 72 21 34 7 23 88 85 72 42 23 59 78 44 65 55 64 36 70 5 6 50 26 33 58 55 54 3 3 79 70 61 52 91 95 59 67 83 44 39 77 20 99 8 64 64 63 81 53 34 86 59 84 64 44 95 20 51 50 75 30 21 36 82 64 31 94 31 67 38 71 96 58 70 4 75 86 68 8 39 2 46 51 38 11 
65 4 25 33 46 63 78 86 62 75 71 51 99 23 55 39 94 95 56 24 4 91 5 33 86 17 12 89 4 8 4 55 22 78 59 74 66 54 8 36 34 14 40 88 28 28 20 95 26 53 7 49 79 18 0 52 53 47 92 80 9 43 55 9 77 28 44 69 30 89 7 95 55 23 66 78 87 37 77 44 15 74 2 26 3 78 30 9 26 23 41 87 66 96 96 96 76 41 65 6 82 73 2 37 96 20 67 35 58 44 31 25 70 33 51 73 64 33 82 90 56 24 29 75 72 26 71 49 19 88 7 1 61 9 90 9 82 9 44 40 5 27 65 75 61 68 48 25 1 83 
16 51 33 62 90 3 25 50 44 97 55 59 62 66 47 24 59 78 19 54 82 29 53 74 48 98 48 18 16 53 55 98 5 3 54 9 87 66 98 88 20 22 31 89 59 80 67 95 70 35 29 27 34 80 52 0 75 69 79 8 87 96 13 15 72 14 80 32 89 5 76 62 79 16 34 62 9 46 69 38 59 40 47 27 59 52 25 34 73 56 94 61 53 7 76 25 73 57 9 15 14 85 29 45 53 15 60 63 61 29 1 73 22 0 0 81 4 77 67 78 34 13 39 39 73 15 64 46 24 74 61 91 11 91 36 17 6 96 80 20 26 33 93 48 34 93 81 90 71 48 
24 4 95 32 71 53 17 83 10 55 34 43 14 34 46 8 25 44 79 85 5 37 86 80 52 51 87 28 95 93 2 86 0 31 45 72 31 6 78 88 55 82 35 36 22 96 34 96 46 56 48 80 99 20 53 75 0 39 78 29 20 64 11 59 64 52 97 99 72 48 66 47 38 80 17 81 84 18 96 83 99 9 51 37 7 31 80 76 22 10 57 43 27 68 2 91 72 51 90 96 0 9 44 38 89 61 71 25 32 67 9 83 29 12 20 88 95 52 16 18 63 74 61 42 42 15 33 15 66 76 11 66 85 7 56 26 69 80 52 1 47 13 84 28 25 56 17 20 8 33 
99 93 97 14 53 18 29 79 93 37 62 48 16 84 53 50 81 62 78 51 24 70 59 48 46 12 77 60 24 11 52 10 20 32 24 78 33 44 54 51 13 64 96 25 94 39 82 26 68 5 71 49 90 26 47 69 39 0 66 15 55 89 59 93 71 6 96 55 23 3 8 26 88 41 36 34 63 10 70 93 76 48 86 85 30 24 15 45 17 33 12 72 74 71 65 45 29 61 52 53 16 60 79 5 2 67 91 65 77 13 10 5 61 96 90 44 21 5 89 38 39 1 10 13 25 27 11 54 40 15 7 57 76 38 14 78 57 57 95 34 70 5 39 31 54 82 75 27 87 16 
56 22 50 19 62 70 96 46 12 45 16 86 21 9 42 23 15 51 32 62 38 39 18 98 14 50 48 60 97 6 75 2 16 75 26 34 53 4 35 97 0 71 45 96 14 78 65 16 99 86 97 9 15 8 92 79 78 66 0 61 20 46 44 7 44 58 90 89 30 32 87 96 96 95 22 11 2 18 7 70 44 78 29 18 34 24 77 29 87 95 42 59 41 38 18 37 96 60 26 26 92 65 74 89 60 49 52 14 67 59 84 11 89 14 81 75 90 58 56 29 5 98 41 98 36 59 35 84 20 13 62 64 79 89 5 91 38 58 6 5 69 42 68 59 8 1 34 98 12 91 
0 57 47 96 53 63 87 46 41 83 37 8 25 7 68 22 66 20 84 91 81 14 40 94 43 2 40 24 94 27 0 53 25 62 75 86 51 17 46 82 10 35 64 2 86 84 13 70 0 51 13 70 16 29 80 8 29 15 61 0 30 74 0 42 6 0 70 68 84 54 92 73 6 42 31 55 57 64 43 25 81 76 53 52 2 11 36 24 99 19 45 29 45 45 72 51 97 94 71 33 0 64 7 7 58 90 62 15 54 57 92 35 85 98 39 87 9 75 63 8 47 8 89 92 5 13 96 2 60 19 88 60 83 47 19 41 37 33 9 92 90 1 79 76 99 19 63 60 46 27 
19 91 73 45 56 68 45 30 57 17 41 77 15 75 61 9 80 62 85 2 82 92 58 54 31 5 8 89 33 62 17 71 43 43 13 47 83 50 76 37 15 72 80 50 14 85 42 32 0 33 59 82 39 69 9 87 20 55 20 30 0 19 99 93 20 38 98 15 1 88 61 52 88 42 46 29 58 8 5 46 71 76 98 26 44 98 48 8 16 5 30 99 24 81 44 44 19 42 11 73 31 72 77 19 15 23 1 73 84 58 20 7 34 70 33 30 20 33 38 88 38 20 87 14 1 32 59 73 74 22 98 57 47 75 29 62 50 30 87 86 88 59 94 74 82 79 4 2 13 94 
79 64 27 39 8 55 0 78 68 4 71 12 60 39 12 25 91 79 21 58 72 50 75 46 88 95 89 68 45 9 42 27 15 57 5 87 96 50 64 96 75 95 85 78 8 38 19 2 65 88 33 61 8 93 43 96 64 89 46 74 19 0 59 67 60 32 35 65 20 31 64 49 79 7 77 78 68 80 37 98 92 48 87 50 22 78 80 90 50 85 58 20 60 69 40 72 2 75 37 74 58 54 76 90 61 53 68 29 85 57 79 77 57 66 80 79 45 12 22 47 49 80 20 61 50 60 33 4 87 22 30 97 76 6 87 89 11 7 18 96 16 97 74 73 16 6 53 13 18 75 
13 65 62 89 17 70 62 74 73 56 90 79 57 35 77 37 33 50 2 43 40 94 76 98 30 46 70 20 41 46 3 6 81 1 13 67 19 91 83 77 8 49 91 60 3 44 51 68 23 37 82 18 41 95 55 13 11 59 44 0 99 59 0 38 90 81 98 5 77 22 33 5 30 10 61 54 89 86 32 34 87 81 93 85 4 41 48 17 84 83 84 91 67 66 81 57 99 79 62 29 54 48 34 84 10 95 91 99 82 23 85 21 56 78 6 61 72 7 30 56 90 66 99 9 84 80 67 35 12 81 64 66 81 98 2 43 94 93 42 28 68 79 1 25 10 60 38 82 67 20 
95 28 9 86 84 98 6 31 81 33 96 37 22 4 50 29 26 80 92 17 37 77 68 31 52 37 21 32 44 18 98 77 30 60 4 73 41 32 42 29 27 94 75 95 18 49 70 31 94 67 62 30 86 73 9 15 59 93 7 42 93 67 38 0 61 43 25 28 9 73 0 61 44 99 13 20 18 22 95 55 31 13 43 60 5 79 34 29 27 95 71 54 63 69 21 76 64 47 4 26 72 57 87 69 56 52 89 74 75 36 81 6 50 25 67 7 56 53 37 84 1 60 90 16 82 64 93 98 11 97 24 35 54 12 4 10 16 45 36 43 82 18 50 84 95 69 91 51 74 80 
48 99 58 16 21 87 4 25 71 33 8 49 9 65 12 17 86 4 98 0 10 83 50 66 96 37 59 4 27 66 55 6 53 26 81 60 0 44 2 15 57 10 49 90 34 52 39 18 4 37 1 41 38 15 77 72 64 71 44 6 20 60 90 61 0 56 5 52 80 85 38 61 51 26 87 11 28 9 22 13 78 73 75 28 38 14 90 8 53 12 38 16 22 17 78 14 25 35 19 58 20 9 71 24 88 58 35 16 20 9 81 50 82 9 78 20 75 20 80 28 32 18 45 55 87 23 21 13 59 92 23 31 54 94 7 42 5 94 10 25 3 44 75 37 53 6 9 28 26 89 
29 67 56 66 59 6 21 25 58 84 1 14 29 43 90 90 43 17 44 31 33 84 57 24 58 56 19 69 34 83 23 46 85 60 28 89 70 44 94 32 54 88 69 63 5 86 9 51 31 70 8 38 46 6 28 14 52 6 58 0 38 32 81 43 56 0 75 78 50 23 75 61 60 8 47 34 27 64 93 81 62 98 51 46 41 61 0 80 68 38 43 51 49 37 21 46 21 48 76 72 23 52 85 83 12 32 18 40 48 63 73 62 61 25 8 54 38 8 35 58 46 78 61 48 67 82 94 89 82 71 13 5 75 98 89 87 82 59 27 30 22 1 92 35 78 1 89 16 61 76 
11 90 8 82 90 59 91 5 76 95 2 59 69 24 84 12 51 49 21 71 8 44 23 37 96 32 85 23 11 89 17 13 82 88 89 37 67 40 78 78 3 54 69 79 3 41 68 0 59 29 18 47 87 72 44 80 97 96 90 70 98 35 98 25 5 75 0 90 71 55 25 26 52 88 42 2 81 8 39 82 34 96 25 42 74 3 20 50 68 9 44 30 86 31 1 8 2 37 51 73 44 76 51 97 17 46 51 98 54 90 33 88 39 10 82 13 13 55 15 33 64 59 63 2 43 16 63 97 53 14 70 98 42 73 47 11 19 98 62 73 40 95 13 79 57 48 92 23 3 7 
31 83 29 76 51 87 93 51 44 64 6 96 76 1 65 6 59 19 88 89 72 13 60 10 89 12 0 5 62 59 72 63 84 96 41 70 24 14 18 25 47 68 65 12 44 11 73 93 58 21 28 57 11 21 69 32 99 55 89 68 15 65 5 28 52 78 90 0 24 43 41 86 97 87 91 48 40 88 8 70 73 39 4 40 36 55 68 60 23 2 83 11 0 13 91 31 70 84 63 47 79 5 85 28 44 76 28 36 64 36 7 90 75 63 82 63 19 3 76 94 5 59 58 5 25 1 88 95 85 52 42 16 9 79 45 53 56 73 42 72 62 49 14 37 64 97 53 35 0 29 
19 55 60 67 62 70 15 25 62 84 28 36 30 95 89 46 39 24 13 80 72 67 60 52 71 4 63 78 7 58 19 95 86 72 91 63 42 47 35 98 35 37 46 69 80 19 68 24 26 39 55 8 12 34 30 89 72 23 30 84 1 20 77 9 80 50 71 24 0 78 41 37 43 22 85 23 42 73 25 57 25 43 91 5 25 8 1 36 7 66 11 86 82 85 56 41 94 29 9 30 60 50 67 3 24 5 78 18 30 56 27 7 99 18 64 24 78 65 60 86 84 23 24 66 61 32 8 55 62 69 85 22 71 4 77 47 9 7 65 91 63 44 99 62 14 15 38 45 33 50 
21 22 70 24 33 92 6 12 54 22 1 9 5 1 75 12 70 25 57 78 70 14 72 22 47 36 99 83 92 55 44 78 65 41 67 72 51 65 14 18 40 72 83 17 75 30 28 53 17 23 50 68 39 7 89 5 48 3 32 54 88 31 22 73 85 23 55 43 78 0 18 44 54 39 9 42 95 31 13 49 17 87 39 79 4 68 34 84 1 70 18 73 89 43 99 69 12 17 45 18 19 63 62 73 54 24 16 50 7 81 51 25 68 90 56 24 58 90 8 11 61 79 37 2 22 36 72 86 53 17 5 24 33 67 49 39 43 17 41 51 98 92 28 18 82 84 95 93 26 3 
89 98 26 77 75 32 76 77 47 10 73 49 65 25 53 9 26 14 49 62 61 10 92 39 53 0 63 66 4 71 37 91 55 21 30 33 4 88 93 26 75 7 15 96 17 90 43 24 29 28 91 89 48 23 7 76 66 8 87 92 61 64 33 0 38 75 25 41 41 18 0 27 29 14 25 29 20 87 37 90 27 43 25 46 90 55 16 62 14 32 4 78 96 71 38 44 58 84 36 98 82 15 26 12 81 3 41 2 91 79 44 18 74 69 16 64 76 85 27 91 17 31 21 13 2 60 10 61 96 46 59 79 62 37 91 43 41 84 97 32 15 93 2 89 15 18 54 91 55 33 
47 94 17 71 37 76 18 23 18 92 77 22 14 61 50 16 43 42 59 66 65 78 33 6 45 8 33 25 64 90 31 5 95 86 52 35 68 88 92 91 55 18 19 30 6 11 16 53 94 84 82 95 12 88 95 62 47 26 96 73 52 49 5 61 61 61 26 86 37 44 27 0 47 22 47 50 83 10 61 17 95 77 52 19 93 47 27 74 68 69 61 71 34 92 83 34 71 40 40 66 44 82 42 91 57 41 93 92 51 54 9 47 84 13 18 77 61 98 51 29 19 65 52 54 9 36 40 33 76 80 99 72 15 41 64 72 35 57 16 86 64 25 85 48 38 56 77 99 54 80 
87 55 84 33 47 65 90 46 41 90 76 41 44 80 88 60 67 16 53 18 57 90 21 81 35 8 69 18 57 37 52 52 83 27 82 75 94 21 53 78 43 45 30 31 59 96 96 74 97 6 35 75 86 85 55 79 38 88 96 6 88 79 30 44 51 60 52 97 43 54 29 47 0 98 61 74 92 81 29 6 96 43 79 71 41 99 54 67 72 25 67 6 13 26 76 15 79 61 43 46 85 37 25 1 87 86 75 80 19 4 38 67 47 17 39 41 69 45 8 93 70 27 99 83 53 28 50 84 89 46 30 27 83 55 28 22 93 55 54 64 12 93 84 11 62 23 52 31 20 60 
26 8 92 35 64 59 55 97 4 23 82 81 9 78 18 34 56 70 45 11 42 64 32 83 69 99 9 47 8 99 98 14 61 72 72 59 58 42 14 1 0 36 91 82 78 52 27 52 46 89 41 29 87 72 23 16 80 41 95 42 42 7 10 99 26 8 88 87 22 39 14 22 98 0 54 77 7 57 5 70 69 71 15 0 67 25 15 56 75 66 21 86 66 88 0 53 83 45 74 60 97 9 63 33 70 69 11 30 26 68 0 95 39 15 48 6 40 15 14 16 34 88 54 52 28 6 57 11 51 83 71 0 92 86 34 15 55 97 45 82 65 45 29 57 13 29 63 53 45 30 
38 39 1 19 92 78 21 33 47 34 24 68 18 78 49 96 80 28 99 32 84 65 99 62 10 85 7 74 9 85 91 11 57 79 91 95 49 81 57 60 10 65 11 11 67 54 86 0 16 63 64 52 40 42 66 34 17 36 22 31 46 77 61 13 87 47 42 91 85 9 25 47 61 54 0 5 42 43 64 81 34 8 28 60 78 14 78 91 68 3 1 39 66 80 58 37 54 60 61 56 90 48 24 71 79 94 28 73 37 92 54 23 53 35 83 83 49 13 75 70 16 28 9 35 60 20 24 14 32 37 22 22 85 47 93 16 93 21 89 82 66 96 5 71 31 88 54 32 53 81 
52 55 17 27 77 23 77 9 96 33 52 26 61 11 65 53 20 41 67 6 9 72 68 3 43 77 5 83 1 47 90 36 17 8 1 21 86 92 58 28 14 35 23 65 54 89 8 58 11 56 36 3 13 23 78 62 81 34 11 55 29 78 54 20 11 34 2 48 23 42 29 50 74 77 5 0 59 78 90 34 58 94 46 66 10 96 73 17 24 34 48 87 29 8 3 73 59 27 84 87 97 1 10 78 37 19 29 96 49 71 83 8 18 29 26 28 26 52 46 2 38 46 42 19 54 45 93 65 24 29 5 22 82 67 52 19 38 81 68 88 53 51 48 71 80 26 99 58 78 97 
38 72 82 78 54 15 4 47 34 25 10 15 95 69 18 43 87 44 46 90 10 39 75 35 70 16 78 55 65 67 95 27 45 79 6 54 83 21 57 86 46 98 92 57 80 33 58 75 33 20 54 27 44 59 87 9 84 63 2 57 58 68 89 18 28 27 81 40 42 95 20 83 92 7 42 59 0 42 62 26 51 49 70 49 76 32 55 74 44 26 50 31 54 21 14 87 90 85 27 9 77 41 2 4 3 21 14 7 63 28 33 66 30 55 67 6 40 75 32 84 1 34 15 55 55 81 94 45 18 73 6 95 14 8 51 69 29 65 29 45 46 14 63 76 70 83 34 10 58 66 
70 67 68 97 70 84 0 40 50 59 3 58 59 45 81 57 89 1 93 81 94 96 52 76 90 29 15 94 15 98 14 80 4 30 41 67 79 15 38 83 1 86 61 80 83 41 42 62 35 50 61 60 79 78 37 46 18 10 18 64 8 80 86 22 9 64 8 88 73 31 87 10 81 57 43 78 42 0 55 77 87 73 27 75 12 37 64 89 47 36 18 63 10 46 47 86 82 65 74 75 34 78 33 87 9 20 30 37 94 38 66 81 11 93 8 75 83 72 16 82 61 87 97 71 33 44 9 67 62 83 42 96 62 76 35 71 96 66 61 90 4 27 24 67 73 84 43 56 9 59 
88 41 77 25 97 75 80 19 16 96 74 87 76 54 13 88 84 54 65 71 46 41 51 92 20 9 13 1 40 4 85 51 85 53 30 53 23 52 93 45 44 65 70 81 9 12 4 89 95 74 35 27 75 44 77 69 96 70 7 43 5 37 32 95 22 93 39 8 25 13 37 61 29 5 64 90 62 55 0 23 75 93 75 61 2 12 18 97 19 95 90 4 50 66 89 34 71 65 79 32 89 84 0 45 92 18 37 25 64 37 0 92 30 76 5 33 88 23 82 59 18 72 63 20 91 53 6 62 70 85 46 59 70 98 57 14 16 94 91 32 32 92 24 14 20 29 99 8 5 34 
77 74 38 6 24 45 52 85 66 98 71 5 87 52 59 97 68 8 44 68 21 29 12 31 61 84 18 12 70 90 42 35 61 51 70 68 39 90 21 2 17 25 13 70 14 26 36 94 96 40 81 47 54 65 44 38 83 93 70 25 46 98 34 55 13 81 82 70 57 49 90 17 6 70 81 34 26 77 23 0 26 36 10 57 51 80 12 51 16 91 95 23 79 51 28 35 56 80 8 49 81 63 89 75 60 46 76 59 3 9 35 81 45 97 91 48 29 3 99 45 94 46 68 73 98 49 60 6 29 69 55 11 32 44 38 44 42 15 3 97 76 90 78 21 88 69 69 69 25 21 
86 44 28 13 76 63 91 13 68 87 47 19 0 35 34 98 19 52 23 51 4 79 86 4 94 63 73 5 62 38 36 53 44 54 51 60 19 26 60 88 29 17 60 30 86 5 83 86 67 98 60 62 63 55 15 59 99 76 44 81 71 92 87 31 78 62 34 73 25 17 27 95 96 69 34 58 51 87 75 26 0 61 43 90 74 61 74 28 92 14 39 13 29 26 97 89 74 87 12 18 90 69 72 84 44 14 80 10 63 79 32 2 92 27 92 67 40 18 47 32 85 86 98 14 12 95 55 38 82 67 56 25 88 81 61 84 95 41 94 59 73 78 13 65 58 57 84 98 28 31 
49 27 40 73 11 24 34 13 30 65 88 4 70 25 60 72 86 71 82 58 60 29 47 14 37 85 75 27 71 40 11 89 75 50 53 16 10 35 99 72 4 68 16 96 83 4 45 3 58 74 68 11 26 64 74 40 9 48 78 76 76 48 81 13 73 98 96 39 43 87 43 77 43 71 8 94 49 73 93 36 61 0 9 78 71 53 16 25 39 23 39 97 83 95 90 65 22 51 4 49 8 76 86 72 62 25 31 24 58 11 76 32 38 37 10 9 90 78 87 30 1 78 79 84 73 21 50 95 72 6 45 33 83 83 57 45 60 88 22 18 51 50 2 89 87 65 99 30 43 38 
24 43 20 58 78 11 60 82 51 33 34 43 80 77 43 90 29 39 16 17 82 32 16 23 28 49 23 65 72 39 88 21 7 23 34 79 76 10 52 27 33 95 68 93 40 11 23 44 92 98 63 36 91 36 2 47 51 86 29 53 98 87 93 43 75 51 25 4 91 39 25 52 79 15 28 46 70 27 75 10 43 9 0 86 64 91 53 19 56 79 95 83 6 98 27 98 21 16 48 27 38 44 5 35 73 26 32 54 69 55 70 48 50 73 86 14 16 39 85 72 70 32 8 76 31 35 74 52 51 22 31 89 66 88 76 91 67 8 46 36 15 68 36 17 41 74 31 10 13 69 
98 55 22 59 98 15 59 49 10 34 29 2 50 16 85 25 73 89 61 29 97 97 32 53 21 2 35 50 34 4 76 77 64 83 90 41 2 35 73 34 78 72 76 50 40 85 45 21 94 34 8 97 51 70 26 27 37 85 18 52 26 50 85 60 28 46 42 40 5 79 46 19 71 0 60 66 49 75 61 57 90 78 86 0 49 5 14 7 32 50 4 53 81 75 51 13 9 37 77 37 96 63 87 39 90 81 39 70 15 18 82 96 39 89 49 40 46 63 0 30 66 4 83 99 31 34 12 93 23 90 30 19 53 70 58 96 3 50 18 18 68 1 67 59 42 68 0 89 83 0 
96 3 19 87 98 27 15 54 90 94 80 44 44 34 21 42 22 46 74 25 26 38 94 39 5 0 79 30 36 36 82 1 84 96 34 54 25 41 76 93 52 51 69 7 72 59 9 16 57 69 56 52 10 5 3 59 7 30 34 2 44 22 4 5 38 41 74 36 25 4 90 93 41 67 78 10 76 12 2 51 74 71 64 49 0 41 87 66 80 80 4 0 54 18 52 14 66 83 51 90 60 98 55 34 72 97 18 5 12 61 42 49 91 94 24 31 35 64 50 67 96 54 67 51 72 19 17 90 3 68 32 15 18 39 2 90 89 20 47 1 82 41 2 25 35 79 56 22 43 6 
89 47 46 91 24 26 39 68 65 60 57 94 32 52 98 29 23 86 72 93 86 75 21 57 14 67 35 54 28 99 92 28 81 53 93 5 42 64 61 15 68 9 8 34 68 91 44 91 71 3 22 85 70 6 78 52 31 24 24 11 98 78 41 79 14 61 3 55 8 68 55 47 99 25 14 96 32 37 12 80 61 53 91 5 41 0 9 2 21 61 6 3 13 40 47 26 63 45 84 53 55 21 93 57 96 82 49 13 73 71 66 40 60 97 85 49 11 46 51 84 8 10 87 21 2 87 47 65 32 84 19 39 57 12 48 53 47 49 18 72 72 85 12 33 34 50 82 98 96 86 
66 58 55 73 89 70 36 51 54 83 36 62 64 82 32 2 33 19 80 35 32 78 37 28 22 52 36 68 51 57 83 28 69 39 44 2 89 1 71 22 98 46 60 39 51 17 64 68 17 69 89 25 85 50 30 25 80 15 77 36 48 80 48 34 90 0 20 68 1 34 16 27 54 15 78 73 55 64 18 12 74 16 53 14 87 9 0 41 7 82 68 47 5 45 77 39 94 31 34 28 38 6 88 61 40 10 73 89 30 50 97 33 38 36 25 20 41 99 61 0 82 82 47 87 27 76 27 74 7 61 2 97 19 91 58 12 53 83 1 36 85 50 69 75 87 46 95 28 46 9 
73 8 67 71 69 33 32 89 52 49 14 39 10 21 67 50 48 91 5 10 83 75 32 71 57 51 19 10 31 29 36 87 84 79 79 26 9 47 6 81 59 85 4 95 46 56 43 64 4 77 56 32 10 26 9 34 76 45 29 24 8 90 17 29 8 80 50 60 36 84 62 74 67 56 91 17 74 89 97 51 28 25 19 7 66 2 41 0 27 20 17 74 39 97 50 21 50 28 35 31 1 26 54 81 41 30 53 22 26 59 64 99 48 0 92 67 81 68 54 60 40 23 34 79 20 37 0 70 17 87 53 18 13 59 51 6 89 56 80 16 15 45 67 15 97 60 34 78 28 88 
88 92 95 57 77 97 68 47 10 49 20 94 48 36 3 31 56 48 2 44 62 45 80 57 12 31 12 67 52 10 96 39 1 37 18 84 76 8 15 66 81 26 57 59 15 31 78 17 39 60 94 86 12 33 26 73 22 17 87 99 16 50 84 27 53 68 68 23 7 1 14 68 72 75 68 24 44 47 19 16 92 39 56 32 80 21 7 27 0 77 49 21 28 38 73 10 4 79 55 66 87 15 50 40 50 59 40 25 46 50 99 19 6 43 5 1 0 99 17 23 76 67 44 5 57 69 67 14 0 22 80 87 38 30 80 40 42 20 66 40 71 65 59 29 9 16 83 61 15 0 
75 80 58 92 51 41 32 98 18 80 52 48 85 44 74 77 0 22 13 97 70 69 8 78 88 2 84 28 0 16 10 82 38 14 23 37 43 58 58 71 98 17 57 87 65 96 81 37 68 55 38 34 53 58 23 56 10 33 95 19 5 85 83 95 12 38 9 2 66 70 32 69 25 66 3 34 26 36 95 91 14 23 79 50 80 61 82 20 77 0 73 71 84 60 2 32 39 60 63 14 63 20 86 6 75 51 13 37 27 58 54 13 28 64 75 81 72 13 31 96 8 4 67 45 16 21 77 55 82 92 69 97 12 8 3 88 59 68 77 39 26 83 4 7 0 32 88 72 97 19 
73 17 66 67 22 96 20 87 94 84 52 48 35 28 35 24 66 63 90 54 65 41 73 65 53 5 59 86 25 9 36 92 10 41 6 12 12 16 5 16 22 21 20 49 84 92 9 35 4 28 69 54 78 55 41 94 57 12 42 45 30 58 84 71 38 43 44 83 11 18 4 61 67 21 1 48 50 18 90 95 39 39 95 4 4 6 68 17 49 73 0 2 78 75 47 78 53 65 8 64 39 65 95 89 67 92 2 98 49 2 94 80 44 38 76 15 66 86 54 48 53 20 50 31 96 50 61 1 15 21 65 55 87 12 96 6 56 50 5 6 52 99 86 48 38 62 16 56 0 70 
60 36 21 54 86 65 13 30 67 66 61 71 15 12 16 41 89 11 87 99 96 89 39 11 43 88 72 8 38 24 14 62 45 80 83 31 59 59 43 56 48 50 37 9 81 16 73 2 92 94 53 69 4 54 87 61 43 72 59 29 99 20 91 54 16 51 30 11 86 73 78 71 6 86 39 87 31 63 4 23 13 97 83 53 0 3 47 74 21 71 2 0 31 6 61 91 48 26 4 81 75 62 83 33 73 37 10 11 19 27 53 9 58 35 43 29 78 2 54 19 37 58 99 68 17 12 11 65 38 15 46 66 77 82 99 3 19 10 14 38 89 20 0 48 55 43 77 33 97 83 
6 96 85 31 11 96 32 28 38 84 75 12 98 83 39 2 43 1 86 56 94 72 83 24 76 50 73 48 97 25 52 61 5 23 28 24 91 8 75 19 25 12 42 65 25 34 53 91 33 43 23 48 61 3 66 53 27 74 41 45 24 60 67 63 22 49 86 0 82 89 96 34 13 66 66 29 54 10 50 79 29 83 6 81 54 13 5 39 28 84 78 31 0 2 54 49 43 94 43 54 7 57 99 30 18 48 27 30 78 64 74 26 76 64 19 69 19 32 2 99 21 20 68 74 74 22 75 17 68 18 24 27 27 23 58 45 23 37 76 54 53 50 32 30 15 4 51 34 88 54 
38 83 81 9 92 66 82 13 19 41 42 27 92 15 65 13 51 13 44 49 57 88 1 16 83 52 29 6 18 55 92 99 43 94 71 31 31 60 88 93 82 22 12 10 39 89 60 55 28 18 4 24 19 3 96 7 68 71 38 45 81 69 66 69 17 37 31 13 85 43 71 92 26 88 80 8 21 46 66 51 26 95 98 75 18 40 45 97 38 60 75 6 2 0 19 96 86 23 2 49 64 21 24 24 92 39 13 36 77 89 44 65 87 12 81 42 75 40 5 11 50 67 96 84 0 67 80 86 91 34 35 7 55 12 84 0 51 49 88 80 90 32 45 77 97 78 19 72 19 76 
55 16 82 40 70 63 72 61 0 99 57 60 37 68 18 22 15 43 79 16 85 18 59 43 48 25 46 41 34 94 64 91 27 93 39 57 52 43 85 85 75 44 65 56 99 17 43 85 38 13 15 99 90 79 96 76 2 65 18 72 44 40 81 21 78 21 1 91 56 99 38 83 76 0 58 3 14 47 89 28 97 90 27 51 52 47 77 50 73 2 47 61 54 19 0 59 11 53 31 28 7 29 83 61 22 29 46 43 4 45 76 94 25 43 26 89 54 6 43 50 11 62 47 94 54 79 53 17 84 36 97 91 65 80 52 87 10 50 82 66 47 59 60 72 54 38 13 9 96 8 
6 48 96 0 84 84 36 5 62 69 83 13 7 1 3 20 81 58 84 8 56 55 85 91 72 87 85 52 24 43 59 19 58 49 61 36 92 5 77 87 34 74 91 8 59 38 92 61 37 33 24 89 52 70 96 25 91 45 37 51 44 72 57 76 14 46 8 31 41 69 44 34 15 53 37 73 87 86 34 35 89 65 98 13 14 26 39 21 10 32 78 91 49 96 59 0 76 8 76 73 98 87 71 4 3 86 89 96 87 58 7 50 89 33 93 78 95 9 26 44 54 42 85 44 96 29 21 72 38 97 46 36 37 17 40 40 3 82 88 42 92 95 45 81 80 90 60 75 99 38 
19 2 37 75 51 72 56 38 30 77 43 93 74 10 55 55 47 82 89 80 91 72 58 40 41 8 0 27 4 90 15 97 81 54 51 20 54 4 34 77 37 10 33 25 44 75 21 6 11 40 12 62 17 61 76 73 72 29 96 97 19 2 99 64 25 21 2 70 94 12 58 71 79 83 54 59 90 82 71 56 74 22 21 9 66 63 94 50 4 39 53 48 43 86 11 76 0 60 63 62 47 94 12 29 43 23 15 73 99 56 52 36 40 91 61 6 50 44 20 71 10 26 55 73 95 52 24 2 13 87 16 12 33 28 93 76 51 60 50 2 16 54 38 9 45 52 15 95 48 35 
18 7 90 23 60 74 63 19 76 95 59 20 6 92 55 35 66 92 53 39 93 62 34 32 96 9 31 16 45 83 34 4 9 33 28 94 72 84 15 15 30 50 34 36 54 58 11 86 97 94 85 99 29 52 41 57 51 61 60 94 42 75 79 47 35 48 37 84 29 17 84 40 61 45 60 27 85 65 65 80 87 51 16 37 83 45 31 28 79 60 65 26 94 23 53 8 60 0 26 11 34 5 83 77 96 96 20 55 2 72 49 15 97 41 16 59 91 96 75 60 60 54 8 50 26 55 77 98 64 3 9 98 8 44 27 56 40 48 63 95 20 13 62 17 54 31 29 98 79 56 
38 31 25 76 36 71 81 8 6 86 89 61 83 2 69 78 40 77 73 49 29 68 45 53 14 99 37 58 86 54 31 82 94 45 3 58 68 71 95 12 33 43 56 20 55 49 65 55 95 6 4 98 15 91 65 9 90 52 26 71 11 37 62 4 19 76 51 63 9 45 36 40 43 74 61 84 27 74 79 8 12 4 48 77 51 84 34 35 55 63 8 4 43 2 31 76 63 26 0 43 13 49 30 49 92 67 0 2 19 6 64 5 69 61 60 61 88 88 3 22 28 67 21 16 84 31 8 54 89 91 49 2 92 79 3 85 46 55 87 17 62 3 74 31 64 86 44 4 27 47 
39 57 49 94 66 95 23 63 92 61 23 30 56 5 96 2 86 7 2 61 15 39 70 44 64 64 16 5 12 48 86 92 67 78 42 36 96 4 70 75 72 0 79 94 24 47 89 30 37 31 20 23 81 95 6 15 96 53 26 33 73 74 29 26 58 72 73 47 30 18 98 66 46 60 56 87 9 75 32 49 18 49 27 37 90 53 28 31 66 14 64 81 54 49 28 73 62 11 43 0 63 61 46 23 60 54 79 5 12 40 37 7 41 10 82 33 56 71 24 95 44 81 25 76 51 46 60 78 86 31 92 49 45 90 24 5 44 56 62 8 96 99 15 38 9 49 23 17 20 47 
39 29 60 99 45 66 21 83 31 69 12 81 63 45 30 47 89 70 10 17 63 29 6 54 44 46 30 99 90 39 78 34 26 26 47 66 23 49 30 33 70 22 69 5 30 40 91 39 66 17 88 67 68 59 82 14 0 16 92 0 31 58 54 72 20 23 44 79 60 19 82 44 85 97 90 97 77 34 89 81 90 8 38 96 60 55 38 1 87 63 39 75 7 64 7 98 47 34 13 63 0 39 32 95 90 20 47 89 93 23 29 10 30 64 78 22 66 38 14 54 14 91 27 68 49 93 49 77 61 89 54 43 81 38 39 23 59 38 13 4 61 42 14 91 58 44 14 24 35 80 
79 81 51 53 63 55 58 86 53 96 14 63 1 27 74 39 19 44 22 63 42 30 89 92 67 51 0 24 42 77 20 25 50 19 85 91 72 59 41 91 61 50 23 69 72 92 60 79 24 34 95 87 63 67 73 85 9 60 65 64 72 54 48 57 9 52 76 5 50 63 15 82 37 9 48 1 41 78 84 63 69 76 44 63 98 21 6 26 15 20 65 62 57 21 29 87 94 5 49 61 39 0 73 2 22 77 92 47 1 6 59 78 22 14 57 69 40 80 81 53 98 70 12 4 26 73 51 0 63 74 91 31 5 17 33 79 94 78 27 96 84 38 26 59 4 35 28 44 15 61 
86 4 66 65 3 71 93 86 63 54 53 4 70 66 99 18 29 49 61 79 32 69 3 50 10 24 1 30 28 90 17 49 14 17 46 71 16 92 14 18 79 18 99 76 82 10 58 35 32 67 2 18 45 83 2 29 44 79 74 7 77 76 34 87 71 85 51 85 67 62 26 42 25 63 24 10 2 33 0 89 72 86 5 87 55 93 88 54 50 86 95 83 99 24 83 71 12 83 30 46 32 73 0 93 77 56 18 2 58 36 9 19 61 15 20 97 61 52 48 30 35 66 62 55 56 19 76 84 85 78 50 63 48 66 8 25 74 78 80 32 14 89 4 27 4 24 76 18 76 24 
27 37 96 32 44 84 11 81 24 59 89 74 60 25 18 60 56 86 64 88 73 71 79 87 31 54 51 69 47 28 82 86 61 53 81 41 17 22 83 63 65 67 99 88 89 36 87 13 16 75 75 42 6 44 37 45 38 5 89 7 19 90 84 69 24 83 97 28 3 73 12 91 1 33 71 78 4 87 45 75 84 72 35 39 34 57 61 81 40 6 89 33 30 24 61 4 29 77 49 23 95 2 93 0 35 67 99 71 13 67 9 72 17 12 83 69 39 11 2 85 51 64 13 19 6 1 71 89 48 64 54 1 43 73 78 30 40 77 1 5 97 63 77 66 75 60 35 66 24 90 
5 89 95 40 27 15 13 35 9 19 49 44 10 6 44 26 27 66 19 75 36 94 21 76 36 2 10 71 51 76 70 39 11 43 57 2 83 1 7 92 61 38 14 51 2 96 88 31 23 23 89 69 51 39 96 53 89 2 60 58 15 61 10 56 88 12 17 44 24 54 81 57 87 70 79 37 3 9 92 60 44 62 73 90 72 96 40 41 50 75 67 73 18 92 22 3 43 96 92 60 90 22 77 35 0 62 63 61 27 92 41 73 46 18 25 47 96 80 2 99 15 24 73 53 37 88 24 80 14 20 11 37 88 59 82 83 21 45 96 48 38 89 73 36 7 51 35 55 31 37 
76 43 67 84 47 1 14 71 10 40 77 24 40 97 48 66 62 29 12 12 68 34 2 64 72 9 8 57 37 27 9 60 71 96 89 19 18 25 23 79 90 84 10 88 50 16 96 88 0 82 18 23 85 77 20 15 61 67 49 90 23 53 95 52 58 32 46 76 5 24 3 41 86 69 94 19 21 20 18 46 14 25 26 81 97 82 10 30 59 51 92 37 48 39 29 86 23 96 67 54 20 77 56 67 62 0 86 30 9 73 37 46 56 49 31 48 17 94 14 97 50 79 75 2 21 85 16 5 19 61 62 41 85 58 67 88 37 5 70 46 79 8 45 87 9 76 36 78 22 2 
31 44 14 59 21 7 40 91 72 44 93 1 73 36 35 13 76 27 31 46 82 44 48 90 74 31 56 52 0 76 72 74 78 14 82 15 4 14 41 43 31 2 74 6 95 78 47 23 27 32 11 97 20 20 67 60 71 91 52 62 1 68 91 89 35 18 51 28 78 16 41 93 75 11 28 29 14 30 37 76 80 31 32 39 18 49 73 53 40 13 2 10 27 13 46 89 15 20 0 79 47 92 18 99 63 86 0 87 37 48 22 50 71 52 90 21 93 52 73 41 61 26 67 52 65 61 89 68 48 97 56 93 6 59 74 81 55 61 68 92 10 43 43 33 95 85 55 88 89 80 
95 14 78 18 34 82 69 34 44 45 59 11 6 27 14 69 14 62 65 17 46 34 49 11 58 19 88 78 68 44 66 67 8 22 63 57 18 22 64 30 8 89 7 61 35 29 98 59 56 96 43 96 95 99 35 63 25 65 14 15 73 29 99 74 16 40 98 36 18 50 2 92 80 30 73 96 7 37 25 59 10 24 54 70 5 13 89 22 25 37 98 11 30 36 43 96 73 55 2 5 89 47 2 71 61 30 87 0 82 81 43 27 9 31 2 92 9 97 20 16 58 73 36 58 71 99 31 27 45 82 72 54 62 1 1 19 17 61 6 99 94 50 26 55 33 80 99 95 30 20 
98 62 87 34 70 85 67 11 12 99 32 83 51 94 82 23 3 30 6 93 63 83 6 41 14 91 75 51 53 78 75 93 27 26 31 38 49 40 62 14 43 22 71 68 85 9 91 50 35 32 79 35 17 8 58 61 32 77 67 54 84 85 82 75 20 48 54 64 30 7 91 51 19 26 37 49 63 94 64 3 63 58 69 15 12 73 30 26 46 27 49 19 78 77 4 87 99 2 19 12 93 1 58 13 27 9 37 82 0 61 21 75 91 27 7 82 11 43 73 64 0 7 67 71 36 90 31 65 47 86 0 39 78 93 78 69 2 8 40 32 69 61 7 13 41 14 95 52 9 68 
71 86 43 36 71 82 72 10 40 92 19 40 49 90 48 2 61 33 48 69 80 37 51 35 95 40 70 5 41 80 57 78 64 19 12 68 79 18 87 88 75 20 45 87 56 90 51 13 74 58 47 24 47 64 44 29 67 13 59 57 58 57 23 36 9 63 90 36 56 81 79 54 4 68 92 71 28 38 37 9 79 11 55 18 61 71 50 59 50 58 2 27 64 89 45 58 56 72 6 40 23 6 36 67 92 73 48 81 61 0 7 27 52 80 32 83 97 32 9 92 68 32 12 92 69 12 89 27 37 6 38 90 19 63 87 37 79 74 96 12 47 3 40 0 35 72 35 32 56 44 
72 40 68 77 58 79 73 20 62 43 82 16 93 80 73 18 82 70 10 38 20 15 61 94 19 55 58 42 90 86 60 54 70 26 85 25 57 12 38 84 25 14 72 31 49 7 35 5 5 88 76 43 1 64 31 1 9 10 84 92 20 79 85 81 81 73 33 7 27 51 44 9 38 0 54 83 33 66 0 35 32 76 70 82 42 66 97 64 99 54 94 53 74 44 76 7 52 49 64 37 29 59 9 9 41 37 22 43 21 7 0 10 9 24 54 16 67 1 33 93 77 2 8 64 99 83 13 92 67 81 97 20 99 73 12 67 17 62 65 38 9 90 0 70 67 7 39 34 8 72 
84 6 68 47 46 0 58 76 32 39 80 54 51 29 16 74 23 34 81 45 19 14 44 97 9 54 48 57 67 68 11 46 72 32 34 98 68 18 74 2 72 39 83 50 72 14 74 88 2 82 91 97 32 63 25 73 83 5 11 35 7 77 21 6 50 62 88 90 7 25 18 47 67 95 23 8 66 81 92 81 2 32 48 96 49 40 33 99 19 13 80 9 26 65 94 50 36 15 5 7 10 78 19 72 73 46 50 27 75 27 10 0 4 34 94 64 44 30 27 24 27 24 42 65 63 98 2 39 50 69 70 19 70 64 34 24 91 71 84 91 77 76 99 81 10 93 46 54 76 25 
21 13 84 61 34 6 58 76 70 57 59 45 71 67 61 26 99 57 31 28 40 66 98 1 32 26 45 84 64 72 21 67 91 69 18 36 89 53 86 61 79 88 13 35 40 46 49 16 32 32 67 35 73 81 70 22 29 61 89 85 34 57 56 50 82 61 39 75 99 68 74 84 47 39 53 18 30 11 30 45 92 38 50 39 91 60 38 48 6 28 44 58 76 87 25 89 40 97 69 41 30 22 61 17 46 56 71 9 91 52 9 4 0 31 38 70 93 60 3 48 90 13 92 66 8 80 30 7 38 39 13 64 2 47 9 66 24 36 10 93 53 0 6 1 83 44 72 76 4 75 
96 83 88 35 36 42 33 2 65 28 17 59 26 9 68 60 63 61 78 7 2 47 29 17 99 5 81 7 63 77 48 28 29 49 71 56 33 23 90 11 10 61 40 25 41 70 10 1 97 38 91 31 92 53 33 0 12 96 14 98 70 66 78 25 9 25 10 63 18 90 69 13 17 15 35 29 55 93 76 97 27 37 73 89 94 97 36 0 43 64 38 35 64 12 43 33 91 41 61 10 64 14 15 12 18 49 52 31 27 80 24 34 31 0 61 84 12 52 67 79 28 9 73 99 18 41 65 66 45 24 81 39 36 27 69 32 30 17 75 75 80 14 4 64 45 18 0 9 70 67 
35 13 90 58 44 15 70 77 42 73 61 57 54 45 1 51 48 75 43 74 68 64 29 50 82 8 36 7 53 72 39 75 88 68 24 39 70 53 47 36 2 63 60 0 64 52 71 10 49 16 51 94 83 34 51 0 20 90 81 39 33 80 6 67 78 8 82 82 64 56 16 18 39 48 83 26 67 8 5 91 92 10 86 49 24 85 25 92 5 75 76 43 19 81 26 93 61 16 60 82 78 57 20 83 25 31 90 2 7 32 54 94 38 61 0 4 72 81 40 2 66 90 95 71 50 84 73 91 98 94 30 90 67 46 59 80 2 35 41 31 11 15 94 81 98 67 85 22 48 78 
69 69 55 48 33 86 74 82 61 3 39 41 15 2 34 68 73 3 57 53 19 57 92 41 90 78 77 67 0 60 55 21 75 17 4 90 67 95 14 6 84 91 82 94 64 6 58 84 89 53 75 39 84 86 73 81 88 44 75 87 30 79 61 7 20 54 13 63 24 24 64 77 41 6 83 28 6 75 33 48 67 9 14 40 31 49 20 67 1 81 15 29 69 42 89 78 6 59 61 33 22 69 97 69 47 48 21 92 82 83 16 64 70 84 4 0 2 93 94 19 7 50 26 57 36 77 66 92 6 81 21 65 5 75 9 39 62 78 72 46 10 36 35 0 82 0 4 36 46 50 
38 83 86 79 60 69 72 23 30 40 74 5 58 13 18 42 38 47 50 0 40 22 3 26 65 24 68 14 43 76 93 8 11 54 17 62 76 39 3 27 78 23 0 59 10 62 6 92 68 41 13 68 15 59 64 4 95 21 90 9 20 45 72 56 75 38 13 19 78 58 76 61 69 40 49 26 40 83 88 29 40 90 16 46 35 11 41 81 0 72 66 78 19 75 54 95 50 91 88 56 66 40 61 39 96 17 93 9 11 97 67 44 93 12 72 2 0 74 90 71 6 62 10 90 52 7 22 91 6 91 73 34 20 18 77 33 75 97 41 53 59 48 32 23 95 79 11 3 53 1 
53 23 98 31 85 37 6 28 48 56 97 71 18 79 85 5 33 94 23 61 0 42 66 30 4 60 72 27 56 29 22 3 58 7 21 41 12 7 71 11 1 9 20 40 67 69 87 30 66 85 40 71 69 84 33 77 52 5 58 75 33 12 7 53 20 8 55 3 65 90 85 98 45 15 13 52 75 72 23 3 18 78 39 63 64 46 99 68 99 13 86 2 32 40 6 9 44 96 88 71 38 80 52 11 80 94 52 97 43 32 1 30 60 52 81 93 74 0 36 66 40 89 8 81 76 88 24 78 30 28 24 90 63 47 31 38 19 68 20 36 30 60 99 67 95 98 92 41 67 28 
42 29 74 71 2 19 6 71 13 53 54 81 25 23 1 70 73 94 62 16 2 84 24 12 99 81 48 77 32 90 92 8 12 48 83 68 28 94 73 39 43 28 38 90 62 14 54 0 45 82 84 23 46 64 82 67 16 89 56 63 38 22 30 37 80 35 15 76 60 8 27 51 8 14 75 46 32 16 82 99 47 87 85 0 50 51 61 54 17 31 54 54 2 5 43 26 20 75 3 24 14 81 48 2 2 14 73 20 73 9 33 27 3 67 40 94 90 36 0 88 55 95 27 63 26 93 47 61 67 83 62 48 72 23 28 72 74 15 89 9 16 55 50 63 59 85 70 0 83 87 
26 27 34 36 90 18 92 70 93 89 46 99 6 49 73 73 95 96 4 96 54 19 35 83 77 7 80 33 96 38 89 47 12 91 87 98 4 48 19 45 11 49 57 70 77 45 85 62 8 53 7 55 79 44 90 78 18 38 29 8 88 47 56 84 28 58 33 94 86 11 91 29 93 16 70 2 84 82 59 45 32 30 72 30 67 84 0 60 23 96 48 19 99 11 50 44 71 60 22 95 54 53 30 85 99 97 41 16 64 92 93 24 48 79 2 19 71 66 88 0 54 25 10 75 33 79 59 3 20 69 50 50 95 13 69 9 71 43 48 60 67 27 89 14 63 72 83 64 18 15 
28 3 8 23 88 78 39 78 66 36 1 71 56 75 11 83 33 68 88 59 70 64 26 61 92 15 8 55 57 97 84 37 48 21 44 78 7 65 29 34 51 79 77 79 32 17 68 67 34 40 30 58 74 95 56 34 63 39 5 47 38 49 90 1 32 46 64 5 84 61 17 19 70 34 16 38 1 61 18 94 85 1 70 66 96 8 82 40 76 8 53 37 21 50 11 54 10 60 28 44 14 98 35 51 15 50 61 58 0 68 77 27 90 28 66 7 6 40 55 54 0 51 19 63 96 57 66 22 31 41 29 42 27 95 71 98 79 22 79 90 94 68 78 64 89 14 83 43 39 31 
68 46 41 91 77 15 78 58 59 37 6 29 13 3 88 46 40 10 4 22 19 26 97 30 52 86 59 16 57 99 80 1 74 90 41 80 40 63 78 7 65 1 59 39 46 58 15 35 50 10 5 77 76 20 24 13 74 1 98 8 20 80 66 60 18 78 59 59 23 79 31 65 27 88 28 46 34 87 72 46 86 78 32 4 54 10 82 23 67 4 20 58 20 67 62 42 26 54 67 81 91 70 66 64 24 79 26 73 7 32 2 24 13 9 90 50 62 89 95 25 51 0 29 69 19 8 14 41 61 86 41 15 67 33 84 73 65 51 45 86 5 1 25 39 53 83 57 52 48 11 
38 15 55 43 28 83 6 0 60 7 8 23 74 13 89 66 36 59 92 95 2 60 74 47 73 95 53 93 34 62 3 61 57 71 22 81 15 59 62 1 59 51 47 32 58 13 58 64 52 99 12 24 83 51 29 39 61 10 41 89 87 20 99 90 45 61 63 58 24 37 21 52 99 54 9 42 15 97 63 68 98 79 8 83 67 87 47 34 44 67 50 99 68 96 47 85 55 8 21 25 27 12 62 13 73 75 67 36 67 12 8 42 92 73 95 26 10 8 27 10 19 29 0 33 4 71 39 57 81 44 25 71 93 39 69 50 89 77 84 23 96 82 92 25 42 8 60 89 35 48 
86 52 45 6 0 75 71 7 57 72 29 83 54 59 50 85 28 70 74 67 16 36 10 37 20 65 33 56 6 22 36 98 53 45 24 54 98 25 4 6 29 91 71 45 9 3 21 10 67 36 54 6 87 50 75 39 42 13 98 92 14 61 9 16 55 48 2 5 66 2 13 54 83 52 35 19 55 71 20 73 14 84 76 99 51 21 87 79 5 45 31 68 74 84 94 44 73 50 16 76 68 4 55 19 53 2 52 58 71 92 64 65 66 99 71 57 90 81 63 75 63 69 33 0 33 22 78 26 69 29 66 63 50 85 29 56 33 8 41 95 42 5 74 75 81 33 69 29 72 14 
58 81 22 0 21 33 13 71 79 30 0 8 57 71 5 59 43 23 49 71 77 66 50 46 35 38 89 22 28 6 72 52 17 36 64 11 23 23 18 53 0 24 23 1 85 47 75 42 30 80 9 54 47 75 72 73 42 25 36 5 1 50 84 82 87 67 43 25 61 22 2 9 53 28 60 54 55 33 91 98 12 73 31 31 72 2 27 20 57 16 96 17 74 0 54 96 95 26 84 51 49 26 56 6 37 21 65 71 36 69 99 63 8 18 50 36 52 76 26 33 96 19 4 33 0 55 41 80 90 74 55 7 7 34 28 19 54 35 14 41 25 65 10 0 3 68 29 50 30 28 
93 32 37 83 50 47 30 14 13 7 17 83 63 81 8 89 51 54 23 64 87 79 85 42 21 72 51 34 20 56 68 52 36 16 62 38 67 2 0 38 86 48 12 88 9 30 53 49 90 64 28 75 25 30 26 15 15 27 59 13 32 60 80 64 23 82 16 1 32 36 60 36 28 6 20 45 81 44 53 49 95 21 35 34 19 87 76 37 69 21 50 12 22 67 79 29 52 55 31 46 93 73 19 1 88 85 61 99 90 12 83 98 80 41 84 77 7 88 93 79 57 8 71 22 55 0 21 61 48 28 12 65 50 17 55 46 92 18 59 30 80 27 31 56 74 78 13 25 38 29 
93 52 41 6 36 59 60 12 19 93 12 49 61 12 6 57 9 80 11 27 73 91 47 80 45 52 18 8 31 66 47 17 63 46 38 90 42 30 81 93 15 18 62 5 69 42 66 72 56 21 30 95 39 21 71 64 33 11 35 96 59 33 67 93 21 94 63 88 8 72 10 40 50 57 24 93 94 9 6 60 55 50 74 12 17 47 27 0 67 77 61 11 75 80 53 21 24 77 8 60 49 51 76 71 24 16 89 31 31 89 13 2 30 65 73 66 22 24 47 59 66 14 39 78 41 21 0 44 8 42 31 36 74 3 77 30 81 22 99 11 95 81 33 64 22 60 66 93 90 29 
78 35 11 75 72 57 69 61 61 8 96 1 31 33 13 15 90 58 38 51 68 38 9 86 29 98 41 50 32 96 39 49 50 43 16 83 77 79 4 30 37 34 56 78 29 75 49 48 41 72 74 68 64 36 49 46 15 54 84 2 73 4 35 98 13 89 97 95 55 86 61 33 84 11 14 65 45 67 62 6 38 95 52 93 90 65 74 70 14 55 1 65 17 86 17 72 2 98 54 78 77 0 84 89 80 5 68 27 65 27 92 39 7 66 91 92 91 78 61 3 22 41 57 26 80 61 44 0 1 28 86 66 32 75 5 58 93 39 21 6 75 0 40 46 12 29 56 80 83 43 
11 91 79 58 62 73 93 85 89 54 29 55 70 25 15 24 69 47 76 55 32 93 20 74 17 81 82 2 65 40 2 8 45 1 42 32 39 86 15 5 16 98 98 76 15 88 16 87 39 58 65 74 55 82 19 24 66 40 20 60 74 87 12 11 59 82 53 85 62 53 96 76 89 51 32 24 18 62 70 29 82 72 51 23 3 32 7 17 0 82 15 38 68 91 84 38 13 64 89 86 61 63 85 48 14 19 48 45 47 37 67 50 38 45 98 6 6 30 67 20 31 61 81 69 90 48 8 1 0 9 88 14 66 67 82 46 5 16 8 90 87 80 2 15 29 27 59 91 65 36 
83 35 66 34 72 82 41 73 77 79 54 10 97 14 75 36 2 57 84 29 2 11 45 34 59 4 56 18 69 72 78 52 58 44 41 48 11 1 77 57 49 61 70 25 76 43 83 27 51 27 35 93 55 64 88 74 76 15 13 19 22 22 81 97 92 71 14 52 69 17 46 80 46 83 37 29 73 83 85 69 67 6 22 90 68 84 61 87 22 92 21 15 18 34 36 97 87 3 91 31 89 74 78 64 20 61 97 82 86 6 81 69 39 24 94 81 91 28 83 69 41 86 44 29 74 28 42 28 9 0 48 54 23 22 17 95 93 79 33 65 41 22 23 46 38 11 16 7 2 79 
17 45 12 21 90 52 92 24 5 69 19 31 87 39 9 17 76 65 40 64 35 30 31 82 45 62 57 55 96 44 25 41 17 21 58 19 26 83 74 6 9 34 36 25 5 22 38 31 31 3 94 91 46 31 7 61 11 7 62 88 98 30 64 24 23 13 70 42 85 5 59 99 30 71 22 5 6 42 46 55 56 45 31 30 32 19 2 53 80 69 65 46 24 35 97 46 16 9 49 92 54 91 50 54 11 62 56 72 0 38 97 70 13 81 30 21 73 24 62 50 29 41 25 66 55 12 31 86 88 48 0 78 72 29 63 78 81 43 84 38 74 60 45 76 53 94 16 54 95 91 
51 72 39 57 7 40 66 68 72 23 93 37 85 70 45 23 58 69 39 73 47 22 26 80 13 27 12 54 55 31 32 43 71 28 90 50 15 87 45 90 38 21 67 82 45 28 8 27 6 28 53 41 75 94 1 91 66 57 64 60 57 97 66 35 31 5 98 16 22 24 79 72 27 0 22 22 95 96 59 11 25 33 89 19 15 39 97 18 87 97 55 66 27 7 91 36 12 98 2 49 43 31 63 1 37 41 93 54 39 90 20 19 64 39 90 65 34 90 48 50 42 15 71 63 7 65 36 66 14 54 78 0 72 22 98 1 15 76 88 22 45 85 70 14 60 90 85 48 97 0 
62 17 70 39 87 90 51 59 82 75 20 73 98 93 49 27 73 53 58 92 96 94 86 26 78 55 56 42 12 50 50 77 8 15 78 91 35 61 18 48 10 63 93 46 49 87 44 58 28 61 82 33 18 31 61 11 85 76 79 83 47 76 81 54 54 75 42 9 71 33 62 15 83 92 85 82 14 62 70 32 88 83 66 53 18 57 19 13 38 12 87 77 27 55 65 37 33 8 92 45 81 5 48 43 88 85 6 62 78 19 99 70 2 36 67 5 20 63 72 95 27 67 93 50 7 50 74 32 66 23 72 72 0 45 58 45 33 47 97 89 8 93 40 95 57 89 94 85 88 72 
55 49 78 86 93 23 38 62 68 75 24 87 9 57 60 35 58 14 53 44 68 99 87 32 7 86 58 38 24 87 43 91 32 90 57 91 94 75 41 24 40 5 87 1 40 84 48 18 15 70 96 62 91 67 9 91 7 38 89 47 75 6 98 12 94 98 73 79 4 67 37 41 55 86 47 67 8 76 98 44 81 83 88 70 39 12 91 59 30 8 12 82 23 12 80 17 28 44 79 90 38 17 66 73 59 58 59 1 93 63 73 64 47 27 46 75 18 47 23 13 95 33 39 85 34 17 3 75 67 22 29 22 45 0 54 66 75 80 48 57 99 3 56 97 19 97 70 64 28 98 
30 9 88 41 51 76 29 50 97 34 34 11 97 47 15 35 14 55 55 13 20 46 6 20 45 81 64 23 55 59 67 81 84 33 23 44 32 9 80 53 4 88 66 70 87 16 47 92 74 3 28 83 82 38 90 36 56 14 5 19 29 87 2 4 7 89 47 45 77 49 91 64 28 34 93 52 51 35 57 38 61 57 76 58 2 48 58 51 80 3 96 99 58 84 52 40 93 27 3 24 39 33 8 78 82 67 74 1 78 87 12 34 9 69 59 9 77 31 28 69 71 84 69 29 28 55 77 5 82 17 63 98 58 54 0 8 10 56 40 99 8 13 90 79 63 82 95 49 22 69 
19 58 65 80 15 5 16 94 91 95 69 69 8 51 45 53 0 19 29 19 33 88 8 54 66 58 18 65 15 26 21 69 71 58 35 94 18 14 77 40 71 54 60 98 3 84 84 41 51 84 71 54 69 71 9 17 26 78 91 41 62 89 43 10 42 87 11 53 47 39 43 72 22 15 16 19 69 71 14 44 84 45 91 96 90 53 12 6 40 88 6 3 45 0 87 40 76 56 85 5 23 79 25 30 83 88 81 19 69 37 67 24 66 32 80 39 33 38 72 9 98 73 50 56 19 46 30 58 46 95 78 1 45 66 8 0 6 89 84 59 7 97 96 22 10 68 87 93 53 40 
31 44 98 23 93 24 52 85 30 16 54 12 50 54 61 1 20 95 65 56 88 86 41 49 80 48 18 95 14 66 4 3 55 86 46 62 12 0 16 3 82 41 49 89 42 0 45 6 15 4 66 85 29 96 82 6 69 57 38 37 50 11 94 16 5 82 19 56 9 43 41 35 93 55 93 38 29 96 16 42 95 60 67 3 89 47 53 89 42 59 56 19 23 51 10 3 51 40 46 44 59 94 74 40 21 37 55 17 2 79 17 91 24 30 2 62 75 19 74 71 79 65 89 33 54 92 81 93 5 93 81 15 33 75 10 6 0 47 45 4 0 69 98 68 30 12 60 88 18 18 
13 54 2 53 73 83 21 41 21 30 27 64 70 35 2 49 43 34 38 59 3 90 54 10 19 12 20 28 55 87 39 8 63 47 6 59 88 75 74 96 35 43 41 28 34 94 95 16 1 87 92 32 2 58 9 96 80 57 58 33 30 7 93 45 94 59 98 73 7 17 84 57 55 97 21 81 65 66 94 15 41 88 8 50 20 49 83 56 20 68 50 10 37 49 50 82 60 48 55 56 38 78 78 77 45 5 61 61 8 74 62 71 36 17 35 78 97 68 15 43 22 51 77 8 35 18 22 39 16 79 43 76 47 80 56 89 47 0 49 87 1 97 88 55 17 26 51 88 77 52 
14 24 95 98 49 39 37 28 87 92 80 80 14 31 59 75 66 81 46 89 79 74 9 17 76 29 7 95 35 22 39 88 32 32 50 3 36 37 42 22 31 43 19 59 38 65 82 52 59 32 66 2 16 70 44 80 52 95 6 9 87 18 42 36 10 27 62 42 65 41 97 16 54 45 89 68 29 61 91 3 94 22 46 18 47 18 1 80 66 77 5 14 76 88 82 88 50 63 87 62 13 27 80 1 96 70 68 6 40 96 65 84 10 75 41 72 41 20 89 48 79 45 84 41 14 59 99 21 8 33 84 88 97 48 40 84 45 49 0 92 14 28 90 8 64 84 96 26 77 21 
81 58 37 57 63 61 71 48 42 67 86 47 1 48 43 76 75 25 23 1 51 21 48 42 46 39 93 98 67 44 79 96 83 64 29 0 61 92 78 17 26 63 72 10 27 10 88 57 2 88 97 20 46 4 40 20 1 34 5 92 86 96 28 43 25 30 73 72 91 51 32 86 64 82 82 88 45 90 32 97 59 18 36 18 1 72 36 16 40 39 6 38 54 80 66 42 2 95 17 8 4 96 32 5 48 46 92 99 32 12 38 91 93 75 31 46 53 36 9 60 90 86 23 95 41 30 11 6 90 65 38 22 89 57 99 59 4 87 92 0 91 81 23 61 12 64 98 23 22 32 
85 92 97 89 96 17 45 3 62 75 47 57 71 78 2 3 56 68 86 29 83 79 5 97 66 5 42 33 48 20 49 86 79 67 70 79 67 94 61 37 63 63 38 15 91 37 98 81 27 97 39 57 1 75 5 26 47 70 69 90 88 16 68 82 3 22 40 62 63 98 15 64 12 65 66 53 46 4 32 76 73 51 15 68 82 72 85 15 71 26 52 89 53 90 47 92 16 20 62 96 61 84 14 97 38 79 10 94 69 47 9 77 53 80 11 10 59 30 16 67 94 5 96 42 25 80 95 75 87 41 74 45 8 99 8 7 0 1 14 91 0 22 32 38 29 92 29 40 18 73 
38 65 63 27 7 19 10 0 1 35 63 49 60 11 84 45 0 4 8 27 51 89 22 11 47 36 65 90 26 61 99 94 2 58 87 28 46 1 32 6 8 9 43 42 39 25 69 9 64 20 42 97 18 86 27 33 13 5 42 1 59 97 79 18 44 1 95 49 44 92 93 25 93 45 96 51 14 27 92 90 78 50 68 1 41 85 50 45 65 83 99 20 50 32 59 95 54 13 3 99 42 38 89 63 89 8 43 50 61 3 90 76 0 14 15 36 48 60 55 27 68 1 82 5 65 27 81 0 80 22 60 85 93 3 13 97 69 97 28 81 22 0 39 20 97 87 84 89 39 36 
17 16 57 56 61 61 30 24 75 6 18 1 5 29 59 2 98 11 5 98 22 35 44 39 55 45 94 55 86 12 43 94 7 49 63 98 82 11 53 72 50 3 55 60 51 24 62 97 56 70 88 69 78 68 65 93 84 39 68 79 94 74 1 50 75 92 13 14 99 28 2 85 84 29 5 48 63 24 24 78 13 2 36 67 2 12 69 67 59 4 86 0 32 45 60 45 38 62 74 15 14 26 4 77 73 45 43 26 7 40 0 99 6 4 94 35 32 99 50 89 78 25 92 74 10 31 33 40 2 23 45 70 40 56 90 96 98 88 90 23 32 39 0 60 74 91 70 76 14 66 
6 5 81 51 30 76 3 31 32 32 6 54 42 45 63 29 55 25 69 9 76 98 55 99 51 83 88 18 13 44 70 53 70 36 88 67 9 99 99 98 94 3 51 3 31 83 47 49 11 81 58 44 75 8 75 48 28 31 59 76 74 73 25 84 37 35 79 37 62 18 89 48 11 57 71 71 76 67 14 21 65 89 17 59 25 33 75 15 29 7 48 48 30 77 72 81 9 17 31 38 91 59 27 66 36 87 33 55 13 0 70 81 1 64 81 0 23 67 63 14 64 39 25 75 0 56 64 46 15 46 76 14 95 97 79 22 68 55 8 61 38 20 60 0 38 67 68 66 80 27 
86 48 4 63 95 13 96 55 66 16 32 60 86 72 53 6 64 65 86 34 5 88 52 81 98 41 99 49 41 38 0 22 31 59 11 37 79 76 22 18 19 23 83 19 81 95 32 10 14 58 33 29 62 39 61 34 25 54 8 99 82 16 10 95 53 78 57 64 14 82 15 38 62 13 31 80 70 73 20 88 58 87 41 42 35 34 87 97 9 0 38 55 15 97 54 80 45 54 64 9 58 4 4 75 7 9 95 33 41 35 67 10 83 45 98 82 95 95 59 63 89 53 42 81 3 74 22 12 29 38 53 60 57 19 63 10 30 17 64 12 29 97 74 38 0 17 25 78 48 93 
52 29 0 14 5 28 52 1 69 79 31 10 11 26 12 54 99 86 48 24 91 99 73 41 90 54 82 14 39 36 82 70 95 17 40 37 4 16 0 60 5 18 67 61 15 76 85 7 5 86 40 15 13 2 68 93 56 82 1 19 79 6 60 69 6 1 48 97 15 84 18 56 23 29 88 26 83 84 29 69 57 65 74 68 79 50 46 60 16 32 62 43 4 78 38 90 52 31 86 49 44 35 24 60 51 76 85 80 14 72 7 93 44 18 67 0 79 98 85 72 14 83 8 33 68 78 60 29 27 11 94 90 89 97 82 68 12 26 84 64 92 87 91 67 17 0 85 68 99 23 
27 26 89 51 63 62 77 13 45 88 46 95 57 99 97 50 80 28 26 62 47 55 47 92 93 61 17 85 13 5 77 26 97 6 92 9 28 46 65 56 78 94 85 97 47 41 58 33 52 34 86 84 11 46 48 81 17 75 34 63 4 53 38 91 9 89 92 53 38 95 54 77 52 63 54 99 34 43 99 69 84 99 31 0 56 82 95 34 83 88 16 77 51 19 13 60 15 29 44 23 14 28 76 35 35 36 55 99 95 35 39 46 72 0 85 4 11 92 70 83 83 57 60 69 29 13 66 56 59 16 16 85 94 70 95 87 60 51 96 98 29 84 70 68 25 85 0 52 20 59 
24 83 42 94 7 82 20 78 49 8 58 18 96 85 23 0 54 65 88 86 97 10 55 7 63 17 67 15 84 15 93 83 94 13 28 51 7 16 26 97 49 46 35 30 43 9 38 55 82 99 99 49 77 51 25 90 20 27 98 60 2 13 82 51 28 16 23 35 45 93 91 99 31 53 32 58 10 56 8 69 98 30 10 89 22 98 28 78 61 72 56 33 34 72 9 75 95 98 4 17 24 44 18 66 55 78 88 95 52 32 34 54 76 9 22 36 3 41 0 64 43 52 89 29 50 25 93 80 91 7 54 48 85 64 49 93 88 88 26 23 40 89 76 66 78 68 52 0 44 21 
58 52 98 45 91 66 58 81 18 87 28 33 29 6 97 59 32 32 23 86 91 94 40 24 46 66 6 41 48 66 57 25 5 24 13 30 16 75 71 23 58 28 39 53 82 98 24 90 71 23 32 87 82 38 1 71 8 87 12 46 13 18 67 74 26 61 3 0 33 26 55 54 20 45 53 78 58 9 5 25 28 43 13 83 43 96 46 28 15 97 0 97 88 19 96 99 48 79 27 20 35 15 76 24 31 22 89 30 9 56 8 76 4 70 48 46 53 67 83 18 39 48 35 72 30 38 90 83 65 2 95 97 88 28 22 53 18 77 77 22 18 39 14 80 48 99 20 44 0 13 
22 7 63 23 18 33 36 36 59 41 0 28 83 74 50 20 54 75 41 78 49 39 71 56 92 42 65 14 45 95 21 35 9 54 27 77 8 93 38 95 74 74 23 39 9 55 64 85 98 16 70 7 57 11 83 48 33 16 91 27 94 75 20 80 89 76 7 29 50 3 33 80 60 30 81 97 66 59 34 21 31 38 69 0 6 86 9 88 0 19 70 83 54 76 8 38 35 56 47 47 80 61 24 90 37 2 80 20 68 44 72 25 75 67 78 50 1 28 87 15 31 11 48 14 28 29 29 43 36 79 91 0 72 98 69 40 18 52 21 32 73 36 66 27 93 23 59 21 13 0 
