140
0 92 99 54 32 42 63 62 8 21 24 22 48 6 14 93 12 4 4 93 71 88 82 80 14 49 31 40 53 64 55 44 56 7 50 40 1 14 54 9 87 78 32 36 85 98 29 49 2 33 42 73 73 24 5 87 26 88 27 79 52 35 23 60 94 74 0 95 40 54 5 27 85 37 63 22 87 44 71 89 77 13 62 3 89 20 42 15 8 22 94 61 57 70 21 51 96 22 98 36 28 3 15 13 92 79 35 79 75 58 68 5 71 83 8 13 3 50 28 63 72 75 24 81 45 46 84 93 20 83 29 48 38 44 14 83 75 49 62 3 
8 0 8 31 18 16 96 73 18 25 36 43 52 61 76 49 7 61 42 79 96 23 27 86 67 41 69 95 43 32 98 3 67 58 86 85 74 83 10 44 60 46 39 12 7 16 61 66 29 3 45 77 26 25 63 45 18 33 92 13 17 42 16 84 0 55 21 26 38 31 71 50 29 62 62 37 78 75 55 59 30 53 36 8 30 52 53 48 85 98 14 54 40 30 90 93 37 63 19 27 94 42 77 23 5 91 12 35 66 20 95 96 25 83 4 55 35 10 55 72 60 69 26 0 52 68 45 89 31 65 17 77 7 46 1 64 38 65 52 4 
37 99 0 14 82 9 69 70 71 77 42 31 98 21 84 2 89 29 44 21 46 13 98 6 59 51 70 97 69 74 54 58 73 59 73 56 20 94 78 92 23 20 75 22 93 59 76 83 41 20 56 87 33 6 93 93 58 16 42 79 90 96 37 64 55 10 72 76 57 50 20 80 22 95 2 16 7 31 51 0 51 7 87 85 13 33 30 23 49 72 54 91 21 44 55 28 6 79 56 63 29 76 44 4 24 98 20 83 29 71 83 33 30 22 70 95 55 0 71 56 24 25 48 45 21 55 74 28 35 30 91 16 59 87 72 35 38 92 18 67 
15 1 52 0 75 22 93 31 74 64 87 99 41 87 96 63 43 22 91 30 5 34 98 64 74 71 99 12 15 69 31 31 22 84 28 97 58 73 28 33 89 68 84 31 55 80 46 50 3 89 32 60 23 83 24 49 6 75 61 21 96 93 4 18 29 85 15 87 58 96 20 0 16 4 31 23 37 77 26 92 66 58 52 41 93 28 43 99 55 4 73 51 49 29 21 78 14 36 66 25 84 86 25 0 43 8 76 80 37 2 72 55 60 24 96 6 4 39 5 59 96 30 10 45 60 83 24 74 71 90 51 56 28 28 8 71 36 84 3 73 
86 75 28 99 0 77 5 55 68 62 66 16 45 28 62 5 11 38 31 83 28 83 39 8 63 99 80 0 84 83 25 22 11 6 21 14 35 78 22 3 93 88 72 38 69 34 43 80 72 26 63 52 61 54 60 25 6 92 77 42 28 2 64 39 60 38 5 95 68 27 51 61 68 23 51 37 9 46 17 33 73 33 37 34 39 49 11 45 42 88 87 22 43 4 13 3 42 18 51 10 98 54 24 66 29 27 3 38 74 72 23 99 57 60 33 97 9 97 94 51 85 34 25 80 38 38 36 80 57 87 42 55 93 18 73 22 46 76 60 20 
0 83 19 10 43 0 59 4 53 53 8 39 87 33 19 77 72 7 9 29 94 52 36 39 70 9 61 16 37 21 88 89 56 59 99 51 16 58 56 69 64 16 8 3 49 80 81 21 87 90 2 34 94 38 73 17 99 87 33 36 60 74 26 17 33 77 20 49 88 28 71 52 44 79 55 46 11 88 67 51 31 22 37 25 60 62 94 12 49 28 48 10 54 26 79 39 56 51 41 44 32 12 96 28 43 3 74 55 44 42 58 75 16 47 52 28 9 47 40 11 27 41 73 33 19 4 72 75 55 13 19 39 25 67 68 69 23 42 76 67 
36 34 94 52 33 46 0 42 45 21 5 24 62 78 57 82 82 30 9 90 43 81 81 69 48 49 90 23 92 66 90 28 52 36 33 85 35 14 79 80 87 85 5 50 63 14 84 98 44 45 40 40 26 21 9 27 23 51 50 15 17 93 95 21 29 80 6 64 94 85 97 82 22 54 84 86 68 20 36 65 65 28 5 44 1 66 71 76 17 73 43 86 66 39 7 48 19 13 64 66 50 61 48 73 67 84 11 88 4 99 53 21 79 58 65 80 24 88 9 41 62 52 27 80 43 34 28 15 99 45 81 1 58 81 74 26 65 85 66 21 
36 19 42 15 77 60 48 0 48 57 46 62 9 73 43 53 59 23 68 10 68 1 11 79 82 38 57 99 75 23 20 12 42 14 27 71 26 27 24 27 84 70 89 46 95 32 51 6 8 19 68 28 72 31 7 54 69 64 5 45 87 77 57 81 91 36 52 70 64 76 97 0 98 86 98 45 71 49 51 79 20 71 59 92 3 67 46 72 83 51 17 23 28 26 4 72 15 57 42 79 85 91 31 36 77 30 81 0 79 85 31 52 56 91 44 59 10 91 84 93 94 1 16 75 80 73 99 95 82 93 26 19 84 57 55 13 39 89 14 71 
74 45 23 82 36 19 42 46 0 26 92 57 79 60 84 59 33 83 6 67 76 32 87 12 42 42 25 33 83 39 56 57 37 79 40 73 99 34 72 13 12 16 70 43 76 6 3 62 89 61 29 17 94 68 29 88 11 55 21 94 46 78 4 83 9 96 9 60 82 33 74 94 49 96 37 77 3 92 91 44 54 73 62 0 41 43 88 4 98 61 51 97 39 55 32 1 3 41 61 85 26 87 79 27 84 68 57 39 61 48 83 67 21 97 67 63 41 7 67 91 68 18 88 60 25 21 61 28 14 74 13 41 62 44 20 98 13 77 37 26 
26 72 93 99 70 12 14 11 19 0 2 87 52 43 47 30 64 8 10 30 35 76 71 49 20 44 99 85 21 88 63 99 60 56 99 30 68 13 93 87 47 96 27 52 39 74 34 55 35 44 85 70 20 9 19 93 53 18 30 26 58 94 26 18 2 77 1 23 42 94 62 42 42 89 94 33 64 80 88 99 24 26 21 97 87 92 42 40 62 24 18 20 70 44 38 73 73 39 48 16 86 10 10 80 0 4 14 16 36 54 15 12 80 36 61 67 80 3 59 42 80 78 62 50 74 0 75 48 92 23 16 30 86 26 10 86 82 76 2 18 
31 69 82 63 57 44 83 37 99 94 0 79 72 41 82 99 93 57 99 37 33 67 67 19 93 30 57 27 6 11 97 37 80 79 53 37 75 36 74 75 30 5 54 55 98 88 6 91 46 5 81 31 72 48 50 17 30 59 96 37 70 93 26 50 24 79 39 0 67 65 75 98 70 81 5 20 70 63 11 68 68 92 99 92 93 1 61 23 12 9 12 82 54 39 84 78 18 75 30 86 40 57 36 62 91 93 82 61 56 45 81 76 90 32 68 83 85 81 58 97 90 71 31 44 62 67 74 80 42 5 18 34 14 6 96 5 99 30 18 55 
75 99 31 17 83 51 52 68 84 11 17 0 34 0 70 96 67 97 28 9 54 99 43 68 5 91 74 5 73 44 12 1 96 96 18 79 99 71 0 36 34 69 62 20 70 85 68 89 82 96 51 88 47 46 56 53 38 82 10 63 27 74 64 75 70 83 54 22 6 6 58 92 76 20 12 98 5 80 39 39 28 90 27 76 37 36 81 27 18 43 90 97 17 55 72 40 90 79 62 96 85 72 88 13 92 52 63 50 32 3 41 12 93 69 40 82 57 73 9 27 16 0 25 34 7 49 74 97 80 88 45 66 60 85 31 4 37 47 54 21 
50 48 85 95 69 26 78 26 99 39 53 16 0 30 2 98 80 76 47 60 16 44 78 76 29 62 80 18 9 87 39 11 35 25 58 56 3 88 82 54 28 87 70 71 18 24 22 50 0 69 62 68 66 93 44 95 7 77 14 16 16 5 79 51 30 89 59 85 78 41 40 58 28 62 81 98 87 3 0 39 25 63 8 91 56 52 86 63 81 52 31 97 58 62 0 40 51 59 26 81 52 66 39 33 80 21 31 67 76 32 7 1 47 15 92 55 19 31 70 1 35 53 50 45 15 51 86 18 62 64 0 15 82 91 48 62 64 31 30 41 
15 37 94 62 4 39 17 23 22 39 76 57 92 0 3 59 82 41 78 44 5 30 59 87 21 59 49 38 91 79 31 58 68 25 21 24 64 90 0 86 30 76 96 22 7 99 34 89 92 12 34 97 94 45 84 67 5 85 5 48 17 36 6 37 14 79 62 30 70 62 69 52 90 65 26 98 16 60 39 8 24 73 5 18 71 41 86 76 78 91 76 47 80 34 85 46 14 47 76 36 61 97 88 51 62 66 1 30 27 41 38 51 66 95 22 37 88 8 65 19 51 93 66 31 28 51 29 94 50 58 30 63 55 70 67 70 36 20 0 15 
61 91 19 80 38 41 69 27 49 35 46 0 28 64 0 8 68 65 54 70 23 84 34 31 6 53 1 95 73 53 62 87 44 81 67 83 22 36 62 23 23 60 76 4 24 12 12 44 77 67 15 1 3 1 84 62 54 85 9 27 38 71 14 35 53 81 18 27 70 80 51 93 92 27 49 16 39 14 61 68 81 28 69 36 29 53 50 83 90 59 10 81 31 25 16 84 58 34 11 80 66 14 26 58 93 75 26 84 89 39 53 22 67 22 11 96 28 61 79 70 21 42 51 4 67 67 88 77 53 51 10 19 18 36 29 11 63 56 96 53 
47 49 27 15 23 38 11 3 52 43 74 25 85 77 29 0 45 69 81 50 20 43 22 38 79 51 2 95 59 98 0 7 99 27 74 22 18 85 26 70 80 52 95 65 29 24 69 26 93 3 77 65 46 99 56 78 2 58 73 14 8 73 21 7 0 47 81 70 32 59 40 13 11 87 30 93 11 0 71 56 3 48 74 1 99 82 79 2 40 52 16 0 77 89 59 30 36 40 0 20 52 41 85 15 28 16 8 92 68 80 0 23 80 26 24 80 8 56 34 0 60 2 0 38 43 11 68 79 52 20 51 56 61 89 71 42 5 32 86 25 
12 38 48 44 65 24 76 73 80 62 74 93 64 26 83 7 0 51 38 42 23 42 98 85 31 69 79 88 1 17 13 65 55 13 62 20 37 38 46 70 1 72 63 17 98 46 77 36 49 67 78 72 9 76 9 92 98 40 80 51 57 93 17 65 58 31 37 96 69 83 66 22 55 81 92 54 79 21 42 28 88 21 52 50 49 14 42 47 54 23 99 12 68 68 77 27 99 14 75 20 50 93 95 5 74 39 11 5 60 54 85 48 27 37 98 76 51 93 76 58 68 27 70 36 47 99 15 98 65 90 18 15 35 65 73 61 4 84 66 64 
38 51 65 17 41 15 94 44 8 22 2 76 49 24 65 96 75 0 94 41 23 64 56 10 30 29 72 86 66 38 51 4 42 16 74 83 83 68 79 92 90 34 20 91 58 37 39 34 70 33 27 45 49 83 55 31 65 27 18 31 66 21 87 60 89 61 43 72 81 74 16 23 8 37 14 19 26 53 5 96 38 32 41 40 67 97 71 32 76 41 15 94 62 55 54 3 16 49 76 50 24 44 73 32 33 88 3 60 93 8 56 84 92 98 24 60 47 47 44 23 89 12 18 3 67 72 7 35 74 35 85 98 79 59 82 13 99 86 73 44 
46 29 28 39 79 4 99 78 52 95 54 41 7 24 96 74 96 3 0 70 38 47 20 18 6 3 31 57 41 56 2 87 85 82 78 17 87 77 95 39 25 1 32 32 25 28 59 74 84 21 96 22 68 17 92 75 72 75 84 13 31 38 52 17 21 31 86 60 60 33 51 85 35 35 70 60 15 29 34 99 2 31 74 70 48 66 97 20 42 82 85 73 20 89 42 93 72 28 53 33 62 4 70 97 39 92 9 55 73 44 6 75 75 80 46 75 99 43 47 41 77 32 66 98 73 9 43 46 89 97 31 3 53 1 0 45 46 62 52 19 
6 58 95 81 91 93 8 90 36 55 31 66 39 97 16 12 58 59 10 0 8 41 51 14 95 4 59 41 18 11 60 24 21 7 57 12 0 65 2 89 20 85 55 59 35 71 23 45 82 34 45 91 75 49 5 70 5 16 11 23 79 24 47 52 31 4 65 84 69 19 73 41 57 80 52 44 3 75 89 85 61 35 28 37 84 85 59 89 1 23 12 32 47 11 85 30 67 2 14 88 21 39 29 30 71 81 74 74 8 16 12 70 51 92 59 87 78 18 28 31 93 92 64 40 3 49 71 70 51 37 10 24 29 39 7 0 72 81 27 32 
49 39 54 0 31 13 39 61 84 19 45 77 11 9 70 66 10 93 88 13 0 98 89 59 89 96 12 61 30 39 46 79 30 0 32 13 14 71 75 50 43 20 27 6 81 97 73 43 90 13 56 73 64 97 84 53 94 96 67 24 35 13 55 65 13 87 79 79 11 6 29 54 78 9 60 59 58 85 2 1 51 10 74 15 7 58 20 53 7 87 29 42 52 85 60 18 24 91 49 35 97 31 41 27 40 54 86 50 91 40 51 42 2 25 57 61 36 78 15 43 17 96 37 70 81 49 40 58 40 89 45 89 20 87 16 12 93 54 63 84 
46 14 27 48 92 36 10 80 66 77 23 84 73 12 6 7 14 46 65 54 35 0 96 8 49 64 20 42 19 83 79 65 98 58 66 42 94 28 22 61 5 97 97 30 61 3 89 75 49 54 82 36 17 78 44 66 42 65 61 13 48 40 79 98 98 97 40 92 25 14 5 82 11 2 12 73 57 2 48 6 8 30 95 25 60 39 44 3 56 5 16 5 45 47 55 43 44 48 87 69 62 45 3 26 99 16 99 57 70 99 63 30 30 58 56 90 50 0 45 6 5 14 63 2 13 71 97 58 19 36 79 33 81 83 59 81 51 58 38 73 
58 53 3 40 64 11 82 14 63 28 72 20 94 36 22 7 7 71 17 78 8 49 0 89 84 71 22 87 81 12 60 91 66 15 83 82 27 66 48 42 46 20 63 40 8 37 99 67 9 69 45 17 70 9 58 54 80 33 41 13 45 53 57 63 20 40 45 99 6 45 42 52 66 57 44 26 94 96 94 55 17 91 72 87 0 83 41 32 16 34 46 13 39 55 77 59 95 74 59 2 72 53 6 90 10 3 16 4 51 62 12 68 54 84 55 54 19 48 39 87 34 37 53 73 92 82 84 87 56 95 41 28 48 0 18 10 3 87 67 54 
49 79 74 55 15 29 10 35 77 49 74 11 38 27 36 30 9 20 17 18 68 11 98 0 11 69 79 66 56 46 72 57 25 46 13 40 75 75 27 4 76 2 67 14 81 3 44 91 75 13 61 43 24 59 12 87 80 91 53 36 37 25 46 14 71 59 6 98 86 34 54 62 88 73 76 69 28 72 12 4 37 73 99 62 85 63 49 65 6 55 54 95 80 0 9 4 11 16 54 97 50 61 11 90 34 87 59 63 11 24 19 48 97 18 62 34 34 64 0 40 19 6 36 51 6 45 7 69 13 62 66 63 23 77 5 57 16 65 72 79 
89 91 27 38 10 42 73 96 6 25 36 77 31 72 28 89 18 36 58 31 50 76 47 73 0 52 82 21 69 55 0 10 98 27 1 60 69 26 56 27 51 93 4 34 65 33 75 35 21 33 67 71 9 66 96 14 70 30 87 92 37 87 2 36 66 3 96 88 81 53 15 84 98 72 18 63 5 45 99 78 78 18 1 39 36 97 5 6 79 92 98 17 31 1 5 98 56 1 86 38 6 53 22 4 25 93 20 82 38 19 60 69 89 13 60 25 10 18 31 42 10 82 11 42 35 16 92 43 69 30 81 28 83 56 32 61 1 4 43 91 
75 56 12 64 69 73 41 32 91 25 74 53 7 85 47 42 53 91 85 22 21 19 50 5 27 0 66 80 39 61 71 67 17 84 31 87 9 25 71 52 50 45 57 57 82 5 99 35 48 36 9 70 7 60 75 34 47 93 14 38 6 38 5 24 74 89 63 83 14 86 87 64 31 44 73 65 1 72 52 50 60 61 20 68 73 47 54 20 92 69 11 98 7 16 74 81 57 89 16 71 75 3 87 58 99 60 23 1 84 75 3 97 89 75 65 62 74 19 83 66 40 94 16 99 62 43 80 20 84 48 43 60 3 83 70 3 43 46 56 80 
21 11 77 62 86 42 25 60 13 60 78 54 54 94 53 68 89 86 40 74 86 84 34 90 67 56 0 62 2 1 42 76 12 19 38 98 13 63 10 79 23 88 33 29 34 38 50 24 76 90 98 63 74 84 53 93 40 98 56 43 99 98 19 11 70 57 61 83 73 71 62 48 59 47 78 93 38 80 69 14 70 67 77 45 51 30 90 44 80 46 87 79 97 58 42 67 67 3 2 40 26 17 89 85 16 19 31 54 99 0 69 21 20 98 18 23 81 9 67 61 7 54 41 4 12 35 23 80 39 78 72 65 95 13 3 11 84 86 66 83 
38 87 57 58 85 75 82 66 84 49 80 92 56 21 48 20 56 72 52 47 50 25 65 97 90 68 8 0 54 26 10 92 65 67 3 51 43 85 69 79 86 49 23 94 22 72 15 31 96 19 78 98 96 43 95 87 63 55 62 17 34 24 62 99 92 65 2 87 2 24 66 88 25 42 83 48 66 50 31 62 69 9 12 18 5 59 5 20 66 19 38 0 43 52 52 35 17 6 74 19 82 93 59 8 35 94 56 1 44 87 15 66 48 79 84 5 38 41 26 4 60 16 57 55 20 61 43 37 19 17 8 2 10 19 10 97 14 18 98 10 
57 65 28 57 44 64 15 34 5 41 91 17 9 0 73 29 61 16 18 32 85 78 34 96 49 96 45 15 0 44 26 23 61 6 81 58 71 48 92 28 41 83 98 50 83 71 31 96 39 49 29 76 79 15 72 28 12 18 44 78 14 22 2 27 80 35 85 3 83 78 32 24 13 82 26 97 5 57 45 44 58 74 20 89 90 45 17 54 15 13 32 81 87 86 8 68 73 94 71 8 24 3 84 37 37 10 86 42 19 32 86 29 58 59 18 0 56 88 54 23 53 39 4 41 25 64 9 99 10 80 7 34 36 92 24 73 54 62 16 26 
46 54 55 5 65 26 57 73 66 12 96 19 3 52 12 28 17 21 79 27 54 87 14 42 31 90 67 37 52 0 63 51 42 71 8 7 97 65 81 15 29 29 34 32 82 99 13 51 72 92 78 26 79 44 20 62 86 40 52 91 75 15 42 17 38 50 77 87 67 10 2 97 91 89 81 73 88 94 24 60 87 55 39 18 51 59 33 38 99 85 29 27 52 23 96 91 25 25 78 92 87 33 41 79 22 23 4 62 69 29 22 8 36 61 27 87 73 12 77 24 97 6 3 1 81 0 92 6 25 23 99 65 56 92 44 30 15 48 92 37 
29 66 45 65 28 24 53 53 36 30 29 85 89 33 87 22 85 31 29 10 54 80 75 62 72 71 92 40 20 84 0 49 3 22 15 83 99 20 36 35 2 17 73 43 50 60 66 35 91 47 98 46 27 25 60 99 97 53 39 69 89 68 18 92 43 85 75 42 57 63 29 60 81 2 55 31 62 21 19 6 68 17 4 47 94 64 47 91 17 38 12 59 59 31 51 2 68 27 44 26 42 25 38 23 28 93 7 42 67 26 48 87 95 52 35 41 17 34 33 34 24 45 93 83 28 97 37 49 76 33 27 18 59 17 42 87 62 1 29 29 
79 78 69 26 30 4 67 47 90 0 34 66 98 79 2 78 76 39 79 52 73 6 23 32 23 17 71 86 18 0 67 0 30 36 23 61 92 90 60 34 43 46 1 93 26 3 23 54 94 3 59 67 9 82 51 85 99 22 71 69 23 38 66 53 27 41 66 71 83 79 6 78 25 7 71 3 62 47 58 56 50 17 76 59 99 27 44 50 50 67 19 73 58 37 78 85 30 45 56 13 24 14 44 1 21 15 5 35 62 63 92 64 32 20 24 31 47 20 33 97 88 52 70 46 89 1 83 19 98 91 84 74 6 28 75 79 96 32 15 10 
95 59 75 79 79 51 62 78 71 95 76 11 47 98 9 88 99 44 59 97 36 44 71 94 24 99 73 20 31 40 83 79 0 58 58 82 61 21 61 32 16 89 96 16 87 5 56 87 50 16 36 38 12 8 32 88 59 57 9 90 50 44 69 53 54 28 88 15 49 49 99 17 38 95 33 77 53 42 64 55 58 53 45 22 13 29 10 72 86 71 62 88 15 32 42 21 12 30 36 13 31 36 30 21 83 16 98 88 58 15 43 68 68 40 90 81 69 52 53 8 24 67 96 91 99 90 13 63 72 49 76 55 37 59 76 73 27 27 61 37 
42 57 5 10 97 47 43 67 51 96 75 75 63 23 19 15 66 32 78 38 33 7 46 23 18 22 48 45 49 9 82 43 66 0 5 16 86 48 35 37 44 10 65 60 85 84 27 51 68 57 42 53 64 88 28 82 62 76 79 64 86 61 7 4 0 65 72 38 13 7 28 10 17 93 70 55 29 97 58 49 6 52 2 71 92 83 5 55 59 85 71 45 98 30 2 51 95 74 89 9 82 17 19 51 62 41 58 43 90 17 92 96 69 47 19 62 30 25 69 89 62 40 87 12 70 41 63 66 67 53 27 49 22 46 53 37 87 11 80 29 
80 25 25 2 24 45 64 54 22 85 95 36 77 34 48 47 27 12 65 95 17 92 96 91 90 49 28 29 13 61 58 93 86 36 0 62 81 11 68 3 96 15 39 25 50 39 73 29 51 90 24 20 35 21 64 25 70 92 7 83 5 17 29 43 53 24 5 34 88 73 89 84 89 80 62 91 20 35 20 23 77 45 96 12 18 60 90 88 52 49 24 10 66 53 53 20 29 11 6 17 84 48 54 25 28 16 68 0 3 41 24 80 38 20 45 56 80 87 96 84 36 72 46 54 77 0 26 7 11 85 76 47 33 30 25 13 98 45 14 1 
86 90 34 24 62 31 32 94 70 29 30 6 1 77 12 31 77 91 38 40 76 66 39 61 97 16 74 47 62 40 1 48 82 87 25 0 18 57 90 88 38 21 46 92 98 10 23 27 1 61 19 77 27 58 90 76 75 65 76 89 57 77 37 92 64 62 88 34 72 79 22 10 0 20 2 50 30 25 29 32 38 48 61 18 58 52 46 85 69 22 74 78 51 12 70 67 26 59 1 50 38 75 61 90 95 63 92 78 41 21 10 79 69 23 49 27 75 96 65 96 70 39 75 22 3 45 89 82 4 91 32 94 66 93 84 14 9 76 92 2 
97 54 33 18 77 83 98 5 79 63 1 49 2 76 23 58 74 13 40 78 56 72 73 74 18 9 40 27 86 32 81 35 86 14 54 16 0 4 73 28 67 74 30 21 3 53 79 77 18 19 55 74 44 80 1 62 90 41 41 28 26 22 63 64 36 69 80 34 73 53 14 40 80 44 14 83 98 93 12 68 65 19 95 9 0 96 71 42 89 12 70 15 86 85 80 22 55 12 8 28 18 23 21 98 67 35 33 17 28 97 86 45 16 81 54 68 77 77 10 18 41 32 34 27 18 66 50 73 78 10 1 48 33 74 98 53 9 83 70 90 
80 56 35 97 89 42 65 18 19 28 37 61 60 23 88 78 89 90 51 19 1 5 68 86 79 66 39 41 50 62 31 82 70 18 31 60 60 0 30 32 77 67 93 89 90 33 68 31 76 71 51 29 28 71 15 60 89 7 53 91 69 36 74 91 54 5 51 67 54 34 99 31 1 44 73 44 29 41 75 5 64 78 34 45 49 2 5 39 9 58 30 30 46 56 21 0 62 25 19 16 59 70 0 60 14 25 56 96 66 84 1 82 14 88 27 64 90 84 55 99 94 37 29 40 46 50 93 8 75 12 76 86 83 28 99 49 53 55 45 71 
39 99 54 54 87 33 70 77 70 77 76 64 66 57 57 12 59 50 72 87 14 1 73 49 29 72 51 35 28 96 6 19 95 12 25 82 98 47 0 68 76 39 84 95 96 93 7 8 95 32 95 10 33 68 11 14 93 62 49 73 59 8 92 6 20 70 41 70 69 4 90 46 44 75 93 92 20 0 0 16 84 47 78 17 68 89 32 61 4 33 34 15 41 78 21 14 48 14 84 70 19 27 68 15 54 61 7 74 13 60 90 98 7 20 67 27 10 51 88 66 85 22 81 26 53 54 92 53 21 29 23 40 56 91 7 10 52 14 84 66 
26 27 16 86 47 83 13 9 35 2 75 72 76 8 50 29 63 43 83 84 72 58 76 80 50 83 90 54 49 26 72 28 53 40 14 53 24 27 14 0 81 90 83 10 50 33 91 13 28 26 49 52 85 25 32 87 60 74 93 62 1 18 90 6 58 4 59 34 83 74 45 17 16 80 79 66 66 70 32 46 49 81 99 86 59 31 73 71 6 18 33 59 36 23 65 47 79 77 81 15 51 79 84 19 11 63 85 77 85 69 24 34 51 75 20 62 58 45 33 16 16 67 75 52 42 93 99 74 70 33 89 73 12 25 92 23 88 29 53 25 
99 29 60 2 4 32 64 62 30 97 31 46 16 6 50 11 99 50 85 21 83 26 94 47 51 38 70 91 68 23 16 19 52 28 21 8 13 85 23 43 0 54 41 3 12 91 14 64 41 51 85 76 29 32 23 80 70 94 23 90 69 39 9 74 20 30 82 33 67 57 28 54 11 69 57 24 60 23 88 2 74 25 30 55 57 54 35 28 0 58 18 21 49 80 95 21 62 30 54 30 87 82 36 99 51 93 75 12 68 15 66 94 40 48 49 50 2 36 30 54 46 0 76 95 80 71 17 43 1 23 25 41 6 61 40 9 6 67 73 74 
34 91 68 26 40 69 76 94 5 6 49 51 59 77 98 39 0 67 82 54 91 59 95 49 20 87 10 26 54 84 0 88 27 20 14 67 89 43 14 46 1 0 97 60 92 96 0 92 63 34 46 6 46 41 55 66 80 66 93 34 2 45 74 29 18 41 49 59 36 63 6 37 78 55 98 22 51 50 14 67 36 13 73 82 6 81 1 87 99 46 73 53 43 0 34 61 41 83 73 77 98 79 66 28 34 16 50 38 18 17 57 7 82 82 41 40 63 42 79 14 40 53 67 84 53 2 97 46 37 70 75 88 1 93 16 36 10 19 26 80 
88 83 87 22 65 29 62 81 23 42 47 64 47 67 0 52 21 97 50 58 68 77 98 69 70 67 57 32 38 35 13 26 18 52 0 36 81 14 69 57 8 68 0 55 35 73 59 56 70 61 67 90 38 65 12 9 32 69 93 70 57 6 48 27 59 48 15 92 15 84 49 23 5 22 31 40 95 90 97 18 52 16 8 42 81 20 51 14 42 97 36 99 3 85 78 14 85 94 59 52 78 60 76 35 83 7 76 30 49 25 48 1 41 9 44 22 81 47 88 75 96 77 26 0 14 5 66 99 99 25 52 29 86 80 65 21 87 41 3 88 
18 4 90 59 13 86 33 46 85 74 22 82 51 48 34 65 53 52 16 52 30 20 82 68 0 47 41 39 40 44 28 58 48 70 69 13 8 2 60 93 76 82 27 0 30 13 44 36 66 61 88 48 81 22 16 34 21 57 73 13 53 53 71 54 23 40 67 31 95 79 77 23 61 56 51 44 70 47 80 88 8 20 88 42 95 4 28 16 13 1 82 18 7 53 72 30 46 40 62 93 19 91 16 33 47 19 29 69 67 9 57 27 81 97 21 76 1 49 45 66 3 27 85 10 32 9 40 30 1 54 23 73 97 40 6 45 59 35 66 78 
96 76 6 77 73 27 6 75 77 3 93 32 30 30 42 14 40 82 45 41 89 20 14 86 60 72 83 72 59 50 2 55 26 8 85 99 88 43 26 17 46 20 49 28 0 91 42 42 25 39 36 14 60 2 53 72 27 36 44 86 86 99 94 12 7 79 64 47 74 90 64 20 62 13 48 65 56 42 59 82 82 95 48 94 50 53 66 77 90 63 15 28 62 9 93 21 40 57 69 14 99 33 34 62 99 34 27 55 77 86 89 11 34 90 5 84 43 71 13 85 86 28 14 48 38 59 70 78 16 39 45 15 24 79 77 23 66 56 31 95 
95 72 6 29 62 63 65 58 34 30 43 21 58 9 21 48 68 91 79 36 82 24 4 7 55 33 30 21 90 13 16 85 86 74 66 0 37 83 10 72 13 6 45 71 15 0 72 36 10 51 24 92 75 28 99 30 62 82 52 4 95 20 41 33 95 59 86 32 42 96 56 55 2 1 78 70 20 2 58 82 53 82 74 28 63 26 59 25 8 63 81 55 83 22 41 30 81 27 63 75 23 19 82 78 73 60 0 45 63 58 27 68 40 53 97 3 79 8 80 39 23 61 47 58 35 88 89 16 15 4 91 90 23 73 68 48 86 68 45 1 
78 72 69 71 78 18 26 57 78 7 49 1 20 96 60 56 36 1 24 51 5 16 93 80 41 14 29 79 34 74 80 13 99 2 84 77 20 10 86 51 69 87 52 42 35 64 0 71 65 22 74 22 90 68 3 84 82 84 63 16 10 96 81 61 98 65 90 70 28 29 21 49 16 26 91 52 90 89 75 8 64 50 30 6 18 85 90 52 21 54 20 32 50 2 45 0 19 36 22 47 65 44 97 33 70 40 37 12 82 65 20 46 15 3 52 85 40 43 37 62 49 57 46 51 59 91 51 79 79 73 78 96 69 27 82 91 68 19 4 50 
84 76 48 51 31 52 36 24 95 73 86 96 83 84 47 94 27 98 25 7 24 4 55 93 83 37 37 3 9 93 5 45 69 53 97 53 58 33 77 53 59 15 2 94 51 49 88 0 0 66 37 76 22 93 69 5 30 58 61 39 51 66 85 73 72 34 26 30 19 55 35 78 70 37 24 21 39 65 51 39 31 89 15 53 82 36 10 64 95 23 56 98 90 93 71 62 27 49 44 46 4 79 77 26 69 53 99 8 18 51 99 1 40 66 6 74 2 69 38 49 92 46 0 82 39 71 96 66 21 40 65 25 72 94 52 41 47 51 1 18 
54 0 19 94 66 26 20 20 95 11 22 87 57 22 22 97 93 18 15 66 11 32 92 35 26 96 76 26 99 29 44 6 29 15 52 47 41 73 19 88 84 41 28 41 15 50 38 61 0 6 27 83 38 71 18 17 19 46 43 71 75 39 77 56 54 29 55 48 2 75 88 86 68 16 80 36 18 18 97 91 76 24 74 15 48 45 32 67 91 27 38 19 66 67 75 20 97 83 20 99 58 9 38 78 77 18 14 48 88 11 39 65 88 13 32 88 58 16 55 2 43 46 21 9 13 48 81 10 31 54 62 41 63 52 20 92 70 86 40 10 
50 79 27 90 45 59 78 55 75 85 57 70 31 30 79 97 31 13 59 62 67 73 56 82 25 28 74 47 14 15 10 64 46 37 54 91 49 84 99 76 70 8 47 53 39 78 50 70 91 0 84 10 35 40 92 61 68 67 8 35 34 18 51 80 8 58 24 57 42 23 85 12 31 32 66 22 63 68 44 54 30 29 65 66 21 9 79 42 76 39 77 62 58 28 43 18 38 19 27 81 42 12 45 25 97 63 0 60 84 44 14 14 25 31 32 99 41 11 41 69 51 70 32 61 50 27 79 89 46 6 22 40 70 67 17 67 83 17 27 67 
62 94 81 39 25 66 38 18 77 31 40 80 53 72 41 4 99 72 45 97 30 19 37 1 86 54 68 21 24 96 88 38 42 22 77 19 88 68 38 65 51 78 98 5 2 91 61 53 64 58 0 46 77 39 47 15 45 68 37 69 16 25 59 58 47 37 77 35 57 15 53 8 45 51 65 99 94 26 52 58 84 54 5 13 45 4 29 91 72 66 12 88 91 24 46 91 61 76 26 70 43 31 30 89 34 96 40 29 74 93 39 59 99 96 72 45 1 53 88 25 19 52 66 63 76 64 54 89 40 32 59 84 64 90 25 50 38 65 79 12 
10 19 23 10 15 48 55 68 1 43 46 21 95 12 84 72 76 90 13 69 22 73 53 38 15 30 89 53 95 68 65 6 39 89 68 7 89 23 27 90 18 73 11 65 85 47 89 14 37 3 35 0 28 40 50 43 70 39 48 65 60 13 23 99 54 91 58 43 66 86 86 84 59 97 2 97 97 91 63 86 94 98 98 22 38 1 17 8 40 65 25 52 31 49 52 85 92 10 81 59 48 67 43 8 16 45 57 65 89 20 52 35 70 2 10 60 3 27 20 96 93 45 48 76 46 52 61 91 15 94 50 63 13 45 23 82 43 80 47 32 
52 51 67 74 54 29 34 9 57 54 5 2 52 54 78 50 58 91 41 73 38 91 37 51 89 60 33 32 93 33 16 97 84 83 72 38 65 58 48 22 65 5 24 17 11 54 19 70 45 61 43 83 0 32 87 93 45 72 25 38 5 41 87 90 77 59 80 42 70 80 64 35 86 40 4 97 46 23 19 43 84 63 27 89 47 66 82 92 38 60 82 96 1 70 38 30 81 70 72 51 51 88 38 89 80 42 38 26 66 58 70 2 73 49 43 20 67 78 13 57 38 95 53 91 17 43 22 99 14 46 2 65 87 41 6 67 83 44 46 1 
54 68 56 27 69 99 48 36 29 13 45 19 8 51 63 78 94 37 77 8 83 79 25 22 72 83 90 8 28 88 9 82 8 17 62 77 69 10 65 98 23 62 70 83 13 33 61 8 70 90 68 5 22 0 28 94 29 70 2 57 58 64 92 66 33 54 95 2 16 12 53 91 74 23 26 88 56 40 48 78 30 16 83 4 62 11 99 92 81 53 1 91 69 93 9 55 99 56 57 67 68 62 58 95 85 37 83 93 77 31 23 59 99 7 64 62 70 15 54 4 20 7 47 90 1 57 45 52 65 54 20 86 17 30 81 54 67 16 0 96 
99 23 56 98 30 72 60 53 87 66 57 7 74 4 49 27 13 46 31 79 1 3 65 70 86 98 24 5 14 24 2 13 48 10 11 30 82 24 83 69 42 92 28 68 49 78 47 14 76 79 45 77 82 62 0 68 60 76 74 74 0 28 39 0 38 51 83 72 27 18 41 21 11 21 90 60 51 37 26 28 68 72 5 51 34 57 71 95 33 97 21 85 77 61 38 15 64 21 87 43 39 80 64 2 2 54 14 53 44 41 81 12 13 39 15 47 96 39 94 81 36 68 66 66 29 4 81 45 25 21 88 17 53 4 19 7 11 34 13 55 
27 46 67 40 85 35 39 33 74 86 14 62 54 33 28 35 37 62 32 15 83 72 84 88 76 3 96 87 89 9 42 16 55 62 8 93 97 0 78 23 38 93 85 44 78 14 79 15 28 63 82 11 35 66 51 0 22 47 51 11 8 45 80 64 59 40 9 8 40 87 31 30 32 17 74 10 83 53 26 11 68 60 74 3 27 25 67 49 25 70 12 33 67 92 49 27 85 58 35 25 46 67 56 78 36 30 89 71 36 67 82 4 27 8 60 54 33 79 55 10 49 68 44 16 12 93 95 97 52 31 75 50 50 83 28 38 65 17 9 1 
36 43 58 64 51 70 70 36 49 26 47 98 46 43 66 58 88 62 56 92 45 83 42 47 66 71 37 31 40 46 85 77 89 95 41 92 65 63 28 14 41 27 64 87 70 30 98 11 44 54 3 41 89 46 40 55 0 77 86 9 23 23 38 64 18 31 56 83 95 37 97 36 16 61 24 87 44 74 50 40 80 53 82 69 99 22 24 20 0 62 30 75 86 68 92 4 0 0 88 47 37 37 83 54 51 59 93 47 33 43 87 13 48 69 82 0 44 58 20 96 21 50 71 7 71 15 11 71 16 51 18 5 89 53 11 92 13 4 39 98 
99 26 12 0 48 46 0 92 5 20 40 26 71 11 85 94 27 48 17 95 0 87 0 41 40 12 85 5 68 24 56 68 2 20 68 50 66 20 94 23 40 34 1 63 98 86 57 77 35 74 72 87 13 24 80 54 36 0 11 5 41 67 25 43 87 45 46 6 65 40 29 57 27 31 21 77 69 78 6 4 5 30 43 70 54 23 76 43 40 88 48 81 7 25 77 47 70 23 53 87 63 34 44 42 65 65 71 35 96 77 91 53 59 87 23 14 10 52 57 3 40 57 36 99 34 13 46 4 36 51 43 52 86 87 46 3 5 18 90 53 
47 82 58 7 69 33 73 31 85 82 86 77 91 23 77 25 36 75 29 25 27 24 77 65 63 23 68 20 93 11 25 41 93 83 0 14 69 73 97 6 55 36 84 46 59 13 71 47 40 52 72 67 28 1 84 91 25 5 0 70 16 37 11 61 73 11 27 94 36 24 0 43 60 36 41 71 49 64 19 90 68 43 9 96 45 46 88 22 51 52 92 67 41 56 28 66 19 55 60 8 31 61 51 44 97 93 15 99 57 86 41 78 82 50 74 79 96 14 1 99 18 45 66 60 53 46 78 25 53 39 33 37 52 84 81 1 29 48 0 39 
87 41 17 69 44 91 48 92 58 1 92 76 98 10 88 52 9 67 77 62 58 62 99 10 46 32 11 28 33 64 67 20 57 36 89 53 79 89 46 37 90 90 66 40 52 54 92 61 73 21 76 31 35 27 41 34 60 5 62 0 69 81 65 78 17 6 32 96 95 30 86 37 20 52 77 24 58 22 86 32 95 14 63 31 41 57 65 53 62 79 98 83 60 15 61 29 21 93 77 68 23 63 5 95 67 35 20 26 57 58 10 4 24 25 87 65 82 52 71 44 83 21 27 95 37 89 24 58 34 54 27 58 69 84 5 37 19 25 15 28 
35 77 33 59 2 20 77 85 25 0 29 60 21 9 56 58 50 32 69 84 86 48 94 56 84 0 45 4 77 60 84 65 37 69 76 39 42 53 76 19 53 58 79 27 67 87 37 69 20 6 5 58 6 52 14 91 4 59 47 33 0 83 98 60 53 27 52 95 80 28 66 86 86 45 13 5 33 2 26 5 9 32 63 67 84 30 10 40 89 57 73 13 93 72 73 46 99 77 93 31 6 59 69 44 56 34 50 41 37 76 46 98 60 62 65 96 92 76 36 33 85 10 46 78 34 72 76 85 49 69 16 55 80 38 0 37 72 2 78 61 
30 77 59 91 39 25 87 31 53 24 64 90 34 63 21 20 35 97 5 84 19 73 92 99 11 44 88 36 98 67 97 28 44 57 71 83 34 59 66 39 35 30 81 21 45 2 41 80 52 46 17 71 19 61 22 83 57 11 19 55 30 0 35 26 25 7 61 59 66 27 50 53 9 32 74 55 86 15 87 38 13 4 61 32 65 36 67 74 99 86 29 29 55 65 7 80 72 68 92 90 47 94 43 56 78 17 63 65 84 51 55 97 7 17 81 25 5 49 99 4 87 81 85 42 46 92 75 70 12 19 12 59 65 55 67 44 24 83 9 60 
86 16 57 93 85 90 70 90 39 22 46 79 3 31 73 1 75 0 71 39 71 83 98 37 90 18 33 14 53 94 26 39 10 83 84 96 73 55 86 65 77 33 96 80 16 69 81 44 70 4 83 41 39 34 30 29 4 63 95 57 57 21 0 68 56 32 64 81 87 2 98 16 87 94 48 56 64 81 52 86 85 35 27 24 21 10 5 77 73 0 34 83 73 82 3 29 15 19 63 54 21 61 71 61 56 19 69 20 1 21 58 38 8 85 15 30 47 20 59 73 73 94 56 46 28 59 28 43 78 91 50 51 52 21 12 8 92 81 80 93 
54 38 84 63 76 99 45 75 19 4 48 92 98 4 91 79 15 19 74 93 10 24 97 14 45 61 75 38 95 55 83 49 46 19 12 74 18 57 49 90 14 98 34 64 54 25 43 70 96 18 15 6 42 12 73 40 74 48 30 21 55 13 70 0 85 35 27 3 44 77 93 58 75 28 23 29 5 66 51 2 84 67 60 79 31 33 19 5 81 49 26 89 14 49 90 99 84 18 55 28 47 0 39 74 80 62 55 86 28 7 40 65 26 0 96 57 86 67 15 19 68 93 8 34 42 51 86 78 69 41 7 68 93 46 42 74 60 97 12 40 
56 52 57 82 4 53 40 90 72 7 10 40 0 18 75 95 69 61 73 90 2 32 10 95 30 52 21 90 2 33 31 58 85 40 93 42 94 33 32 66 92 94 59 92 65 34 87 34 95 61 77 49 93 87 44 76 92 18 66 94 51 49 4 89 0 97 31 36 82 15 54 74 10 13 19 75 47 6 61 94 19 38 43 65 78 40 41 22 58 7 16 9 9 72 50 99 70 81 87 4 97 41 79 7 55 98 34 54 56 95 49 76 86 92 41 64 84 82 86 42 41 54 4 50 26 54 1 48 88 88 53 85 30 84 44 37 34 78 43 90 
25 44 18 11 89 59 27 73 93 13 68 35 19 72 37 98 78 39 46 66 27 51 3 9 87 99 98 21 29 42 64 55 38 82 66 27 94 94 1 39 59 21 74 31 93 12 29 71 3 27 38 30 31 93 92 18 93 90 92 22 84 8 77 75 42 0 2 36 42 55 76 53 76 2 84 21 66 65 93 69 93 83 52 76 76 96 94 69 38 38 44 23 46 73 50 89 69 52 77 11 60 5 17 88 60 1 10 26 19 3 48 64 38 52 40 66 48 86 36 86 25 32 61 23 5 11 64 75 16 94 38 76 99 55 64 59 9 26 38 28 
81 86 92 19 90 84 86 38 70 74 24 47 6 86 71 63 49 87 90 65 81 29 93 33 36 10 44 97 36 82 77 18 20 69 37 10 5 75 0 76 1 25 75 59 63 98 23 64 86 13 30 19 42 75 52 31 85 97 28 22 31 6 40 52 27 29 0 33 57 15 61 58 92 36 18 7 87 41 71 73 54 53 92 49 29 97 32 14 94 12 88 25 70 80 29 50 62 96 35 19 63 96 77 55 84 47 14 71 88 85 96 95 91 41 96 20 38 80 86 32 92 27 9 15 7 91 65 69 87 0 40 50 48 18 57 84 17 71 8 58 
8 4 53 99 97 1 71 35 33 58 19 25 37 29 92 44 20 57 66 59 9 6 9 9 76 18 94 94 89 54 52 97 10 57 49 8 10 20 43 43 30 63 20 67 44 13 12 16 70 30 75 32 88 36 41 65 54 87 11 95 41 63 44 4 72 93 12 0 14 7 25 44 70 45 12 66 58 76 82 81 58 9 13 46 45 54 11 51 94 22 46 35 37 43 39 9 36 3 91 50 11 16 47 33 14 11 0 72 87 34 5 45 44 18 91 41 25 55 93 71 77 91 58 67 34 98 76 71 53 68 73 64 36 72 50 50 83 2 75 22 
36 32 67 32 51 11 74 28 18 19 99 95 10 57 14 97 7 91 20 13 11 93 29 47 66 79 50 1 81 77 24 70 9 91 54 12 54 80 92 72 51 43 20 14 53 34 11 60 77 31 25 88 76 55 36 94 34 38 96 68 15 20 90 76 63 96 89 70 0 81 42 28 25 14 94 78 1 5 90 78 36 16 67 65 71 55 59 57 93 55 77 60 75 67 36 91 16 77 61 93 59 3 73 36 70 68 66 71 25 56 49 14 24 68 79 47 75 38 5 68 46 82 80 73 2 69 64 18 46 25 63 5 81 88 93 51 8 59 74 34 
16 75 0 40 96 79 88 71 69 45 92 15 79 72 89 81 41 5 51 88 31 66 45 64 7 39 15 15 98 41 1 66 16 1 59 12 32 47 84 2 44 76 69 23 0 10 57 42 16 60 82 99 79 27 63 86 18 78 1 17 71 55 83 87 8 42 52 93 41 0 95 37 16 16 13 16 27 70 10 95 82 92 94 61 72 57 47 90 87 1 59 58 8 95 97 16 89 1 9 83 89 56 20 5 25 33 74 4 55 84 99 38 29 45 99 53 2 99 43 41 0 55 51 8 50 48 76 39 2 86 22 91 94 95 49 19 28 75 23 84 
11 22 74 40 67 73 45 21 24 89 62 24 96 65 84 46 66 61 37 68 99 12 11 93 7 12 13 35 87 36 71 99 59 97 91 78 71 37 52 47 78 14 72 26 80 8 72 46 69 61 66 68 73 77 62 32 90 75 20 29 63 91 80 74 89 24 53 12 13 5 0 43 71 83 69 3 92 93 1 13 54 67 82 80 97 96 12 39 71 32 68 34 76 1 61 17 25 14 29 38 71 40 33 42 76 2 98 68 95 99 81 1 19 15 81 16 11 94 55 34 78 75 21 54 76 82 71 53 48 52 91 19 93 76 13 21 78 11 41 73 
63 22 75 82 90 8 98 1 54 5 88 33 80 9 87 57 43 11 10 91 63 54 10 8 30 23 29 9 87 70 34 50 45 61 32 35 70 82 88 76 87 28 9 67 37 49 76 80 60 87 71 23 93 33 84 75 9 13 36 96 36 71 98 81 84 30 68 6 12 8 83 0 37 92 18 26 41 95 7 53 34 30 29 27 16 13 2 25 78 39 21 14 62 19 47 46 1 15 5 65 76 88 16 13 32 34 91 26 29 50 79 63 81 8 42 97 21 45 74 0 36 47 66 98 18 14 96 19 81 1 84 57 89 0 22 74 86 66 0 16 
16 31 31 97 92 74 46 65 71 20 17 7 19 84 5 37 50 1 56 31 55 92 41 44 44 15 70 31 81 22 99 98 54 30 47 46 56 46 63 27 18 81 34 38 65 91 75 67 45 84 98 0 76 91 96 21 7 67 52 40 89 51 90 95 33 38 93 90 36 57 69 54 0 4 44 55 47 72 74 92 56 72 92 32 64 89 5 23 56 57 63 97 60 6 93 46 44 38 88 32 95 57 38 85 13 83 92 61 55 66 5 63 91 98 95 7 87 1 82 95 10 45 44 23 3 89 69 99 28 9 31 75 66 22 61 32 5 5 45 12 
24 50 27 15 48 22 74 87 75 56 34 86 53 79 61 57 68 82 56 96 91 88 72 9 62 85 41 67 42 38 31 66 89 58 33 37 32 7 77 8 15 11 46 69 90 7 26 59 41 34 7 32 74 31 41 36 16 35 55 11 73 38 77 14 48 63 4 81 22 81 41 38 92 0 59 35 98 37 94 39 71 53 71 46 85 64 34 1 51 90 12 77 28 42 91 77 57 95 10 79 28 3 69 73 42 28 8 40 65 54 31 89 7 54 35 92 70 21 46 22 11 10 51 92 4 42 21 61 90 31 93 70 86 62 43 28 43 51 20 60 
5 3 49 65 57 36 57 27 58 55 1 69 66 52 13 22 47 34 84 89 65 29 59 51 43 3 31 86 54 3 47 12 6 96 77 63 33 86 43 43 42 44 64 60 49 78 82 96 12 18 37 78 47 96 81 91 99 65 29 6 68 76 70 75 25 47 90 10 33 33 53 75 30 17 0 79 95 70 27 60 88 64 90 88 60 71 79 12 88 60 70 57 89 40 84 14 39 74 76 72 60 81 0 90 50 87 69 98 57 48 58 98 12 48 86 24 71 17 88 60 77 58 17 66 50 53 32 89 79 8 14 39 41 14 81 92 53 2 90 11 
50 48 61 62 48 47 39 19 16 27 79 45 38 48 64 40 1 96 82 81 57 96 72 50 62 54 42 15 8 84 78 59 84 91 73 32 38 12 52 6 92 31 52 30 80 68 70 33 64 52 66 73 0 39 24 14 45 18 30 53 3 60 64 87 52 38 20 42 2 72 1 94 55 53 76 0 21 99 21 37 3 39 63 4 78 39 18 75 57 0 81 12 13 97 0 65 35 72 59 90 96 60 36 51 65 13 91 38 12 12 28 67 51 91 71 82 30 42 9 39 94 42 52 7 40 4 24 27 76 84 17 24 44 54 27 62 19 18 0 83 
82 28 50 86 71 74 68 53 68 29 45 62 72 97 70 12 53 94 39 81 30 9 5 27 15 32 89 34 51 41 17 33 22 19 19 93 45 39 99 13 21 44 76 93 93 98 57 46 92 48 27 75 57 32 2 72 16 91 58 67 32 75 53 54 47 24 0 92 16 99 6 37 95 34 82 88 0 39 34 76 39 13 51 97 97 53 21 13 96 80 33 29 7 86 35 54 10 35 99 26 86 57 15 81 91 97 69 75 88 55 51 28 20 55 77 17 8 50 83 5 30 16 86 38 2 21 44 64 9 95 43 95 52 58 77 43 8 98 70 48 
54 22 76 26 77 5 44 37 56 79 94 86 95 80 76 49 54 73 65 63 68 8 58 21 19 87 16 27 86 87 75 92 61 4 18 90 61 14 27 17 93 22 56 88 54 84 89 8 9 55 71 78 63 82 51 34 69 19 13 55 58 41 47 19 97 18 9 58 32 89 28 26 63 36 66 17 72 0 78 82 11 49 60 26 83 63 13 53 82 26 8 41 67 8 12 64 26 22 75 10 63 3 36 26 39 55 95 63 11 73 45 74 75 57 0 58 20 13 11 3 92 72 96 59 32 8 76 10 82 51 20 45 54 9 23 45 64 19 8 75 
44 6 1 19 63 1 30 84 67 93 39 59 65 35 70 49 43 46 59 26 49 32 23 55 41 47 0 57 18 61 32 62 67 33 34 30 86 64 66 5 57 5 16 75 40 87 76 36 85 36 62 35 20 37 90 61 84 43 18 2 4 2 17 23 87 51 5 25 67 72 31 76 77 47 51 70 86 28 0 24 16 20 59 36 57 1 49 94 44 19 48 0 73 65 75 60 68 81 37 35 53 68 12 82 68 15 4 6 95 10 30 63 82 41 99 92 43 0 86 39 19 34 40 44 52 67 56 20 48 94 56 53 14 20 88 82 87 92 41 83 
3 23 46 37 65 98 29 8 50 67 99 22 54 39 66 6 59 23 26 7 17 34 61 31 6 49 66 94 93 59 29 48 82 27 86 47 25 67 7 28 35 7 50 89 98 16 47 57 39 73 65 8 60 78 92 66 79 58 12 72 69 41 21 51 69 59 99 46 26 58 74 13 65 24 54 64 93 1 73 0 27 38 45 87 68 37 5 99 47 18 24 16 59 97 67 80 56 18 79 34 77 53 48 42 30 54 58 23 56 32 59 83 22 4 22 43 41 27 42 88 45 18 56 57 15 24 37 23 94 16 58 71 22 58 66 52 12 76 27 20 
8 38 55 83 43 77 26 36 5 20 77 50 39 33 7 6 9 45 30 4 13 40 27 35 50 93 39 62 70 66 35 30 57 90 65 0 68 91 36 73 64 65 23 3 99 83 9 8 80 91 64 93 31 92 29 81 37 20 96 59 39 83 42 96 73 7 96 41 99 84 66 15 50 42 18 1 25 79 61 5 0 26 50 54 70 31 88 7 52 36 67 91 19 9 87 44 68 35 86 19 19 4 34 21 46 4 22 23 84 84 28 59 62 79 13 32 10 53 39 14 41 58 5 60 19 44 5 88 79 43 7 99 47 42 72 46 46 95 69 82 
31 50 41 93 29 7 25 91 12 16 6 54 27 63 66 46 8 71 86 87 66 94 38 66 88 11 12 86 58 33 69 41 83 62 34 64 21 11 56 34 27 14 40 54 77 6 53 37 30 39 25 96 85 15 14 73 26 26 60 36 60 81 77 95 95 63 60 17 74 16 3 2 82 43 8 11 49 61 49 79 1 0 28 86 41 42 12 68 21 24 56 81 57 86 76 52 49 36 21 24 4 24 26 86 67 34 50 69 48 99 48 49 25 28 87 66 71 99 86 92 23 43 25 80 29 53 85 78 42 6 2 46 83 80 85 2 67 35 71 15 
86 72 16 11 0 3 77 71 3 64 63 78 59 40 11 88 94 96 18 36 54 73 34 37 53 19 40 72 6 63 39 92 35 55 3 36 59 33 7 14 97 23 92 56 63 3 96 9 51 14 45 6 39 80 95 45 51 87 17 10 51 57 54 86 12 10 74 23 43 34 37 92 57 30 48 72 85 96 34 37 62 79 0 2 11 42 47 15 30 64 25 33 73 79 71 38 89 46 61 84 80 99 76 89 81 76 13 66 72 47 55 35 79 2 89 90 45 36 5 27 52 82 60 26 14 31 16 55 29 77 40 61 28 16 50 9 45 16 28 17 
15 35 4 94 38 93 37 83 81 94 10 34 77 22 12 91 53 80 46 35 57 38 96 38 7 99 99 52 15 79 21 82 15 78 77 53 23 14 88 5 60 50 91 37 72 55 80 77 35 79 12 44 69 61 34 76 60 34 28 27 13 2 9 80 80 38 33 55 4 73 12 65 23 3 54 47 10 35 25 97 66 89 94 0 50 28 64 10 14 44 89 80 46 99 60 78 37 46 34 42 19 46 59 95 2 13 42 64 0 67 14 66 57 8 54 59 88 18 70 55 62 59 35 9 10 95 39 0 41 73 42 61 72 53 8 26 66 50 42 67 
70 56 85 79 16 39 38 5 9 60 60 72 72 95 33 82 42 72 82 84 98 76 97 22 29 5 0 96 7 42 15 77 99 0 8 15 92 47 72 1 7 84 25 79 31 58 14 74 83 96 58 33 25 7 55 54 64 7 2 71 49 69 1 48 70 9 16 14 8 40 15 68 25 41 99 56 51 13 30 86 62 40 19 87 0 26 93 63 33 48 35 83 17 36 83 39 97 51 53 6 92 21 74 17 14 73 73 65 87 56 4 1 96 23 88 96 50 81 59 35 81 46 70 99 34 54 38 32 57 44 38 49 65 12 66 79 37 92 96 24 
0 0 25 48 76 65 44 78 99 56 13 80 2 84 79 89 90 70 21 47 14 59 49 79 23 67 10 60 59 58 37 59 11 62 60 87 80 4 17 79 12 30 59 67 66 91 56 8 61 77 8 75 88 57 6 11 24 68 71 36 26 8 47 89 23 7 28 3 64 45 34 76 76 93 95 94 36 51 3 97 80 63 24 68 20 0 79 96 50 3 84 29 63 32 18 38 91 99 93 55 44 27 84 20 73 79 67 9 83 22 59 63 85 83 32 57 18 63 5 68 18 90 49 34 74 20 24 65 19 18 73 63 97 57 36 22 88 55 84 71 
77 43 87 14 78 71 23 48 86 28 17 5 18 18 91 44 90 67 10 9 85 83 25 35 92 13 9 32 68 93 4 45 88 43 11 19 14 34 67 0 62 36 57 33 55 48 77 45 68 39 7 53 74 84 40 66 97 50 99 65 95 55 62 84 98 73 3 12 59 22 64 73 59 22 58 66 22 36 63 90 27 70 96 2 54 88 0 3 38 71 68 86 26 82 70 76 7 25 40 66 99 5 40 58 27 50 24 1 38 88 92 66 10 40 20 17 28 40 20 19 12 41 5 38 23 27 67 31 4 7 49 3 12 41 14 91 92 90 93 30 
30 37 96 93 77 16 10 57 9 82 28 21 75 85 11 51 64 78 34 68 86 83 24 50 77 90 42 69 80 35 51 11 24 0 4 53 68 66 62 77 48 91 50 76 76 62 27 41 92 13 61 30 96 85 81 73 75 23 94 8 10 46 19 86 46 23 39 14 41 1 44 41 92 94 17 21 56 96 62 1 9 75 31 58 61 64 83 0 87 78 96 49 76 67 35 74 42 26 88 83 80 84 25 72 79 42 45 87 91 59 88 0 35 72 58 48 36 42 36 76 72 85 25 48 4 13 22 47 39 62 30 19 47 55 44 78 50 41 65 93 
1 6 93 36 78 4 84 14 46 72 90 18 9 68 18 14 81 92 61 72 6 91 44 5 99 88 83 1 29 49 94 82 7 39 18 85 43 54 51 41 27 42 11 36 62 29 50 95 73 63 67 80 7 11 85 6 51 69 59 33 70 5 15 29 96 86 14 40 40 65 81 19 59 93 8 73 74 58 68 48 74 88 80 81 99 65 39 3 0 98 88 8 55 3 37 51 41 3 91 82 21 25 53 32 70 61 6 44 72 26 44 46 14 24 27 66 42 66 69 80 16 57 89 71 12 78 74 54 34 66 88 55 43 41 39 13 55 45 9 27 
24 6 73 38 82 52 4 24 18 25 5 34 34 46 57 47 76 31 53 10 49 93 17 92 86 57 57 41 54 19 68 30 25 93 69 7 45 25 84 15 3 41 49 37 39 6 36 15 38 89 78 39 34 47 32 21 56 41 62 63 60 83 93 37 28 14 45 74 40 81 89 43 22 91 32 61 49 69 28 39 10 58 79 45 6 11 66 14 4 0 77 65 15 71 2 44 85 99 70 77 32 11 20 54 2 5 67 4 74 48 43 84 6 22 81 64 85 47 79 90 80 8 55 95 79 9 91 17 61 61 94 93 25 67 0 79 72 67 83 46 
67 27 82 74 49 64 90 87 63 21 77 95 30 84 43 61 45 34 78 6 48 73 52 73 40 52 52 64 71 36 62 39 15 44 65 64 60 55 51 76 29 80 71 59 64 14 20 10 49 51 68 97 24 20 22 16 72 74 80 44 62 42 35 77 38 0 94 99 7 97 75 36 78 98 47 42 13 20 4 14 71 73 63 47 45 85 63 18 11 95 0 74 89 49 51 27 49 45 78 8 43 5 45 73 4 44 67 69 64 72 35 35 97 98 82 42 35 97 12 98 92 78 72 33 27 76 61 28 73 39 37 68 97 34 41 1 78 9 22 43 
33 57 30 30 7 65 24 94 14 37 92 7 15 17 92 95 93 53 75 66 45 12 87 42 98 28 95 77 89 69 72 74 78 2 4 85 19 81 79 34 70 23 93 37 40 85 32 33 91 8 52 36 72 39 30 71 19 77 0 61 98 72 35 76 26 92 61 46 73 92 32 43 15 25 80 56 62 65 41 53 25 93 41 97 84 23 20 56 0 20 69 0 92 4 74 71 48 87 17 73 79 1 16 47 78 49 55 40 66 96 94 91 42 87 40 78 11 61 34 63 81 55 14 26 60 40 97 60 80 66 34 59 19 2 58 97 3 13 37 69 
10 83 12 4 23 53 82 34 66 69 49 99 24 63 77 36 56 74 97 36 92 31 47 11 85 6 8 89 71 98 58 33 33 23 37 56 28 20 90 94 89 92 45 13 7 23 2 63 49 99 51 42 82 99 5 67 57 66 8 28 64 19 62 97 42 99 54 70 71 96 16 12 88 61 78 96 84 80 11 34 79 63 28 13 62 85 32 71 51 41 99 67 0 13 65 54 65 71 24 88 19 40 1 60 1 79 56 38 59 67 24 90 82 52 3 44 37 87 67 89 28 67 8 40 32 25 94 97 96 70 86 68 62 39 28 16 18 84 54 77 
3 78 19 86 82 22 82 19 61 50 60 42 69 69 82 53 94 29 3 43 99 41 11 62 80 39 78 98 75 84 27 30 62 46 68 44 20 3 15 81 53 28 23 74 49 58 79 43 87 82 38 38 23 1 52 3 92 30 53 67 66 80 98 28 78 18 24 98 21 92 32 26 20 7 0 69 65 80 64 4 14 3 95 38 56 47 93 49 30 99 16 96 79 0 77 10 85 1 60 6 93 92 33 65 52 85 34 69 17 99 26 32 54 21 22 62 20 15 11 50 14 28 99 46 46 76 8 83 29 68 42 75 13 75 92 65 12 27 34 82 
78 12 14 84 33 88 46 54 55 58 56 22 38 7 20 36 35 28 20 65 96 62 92 61 89 84 26 1 63 13 35 93 25 1 77 11 89 76 17 45 34 73 67 24 81 87 60 16 67 32 33 63 94 77 25 35 14 3 89 77 68 24 71 94 26 0 57 15 76 74 12 62 99 31 38 32 70 51 1 37 83 86 53 30 64 78 65 30 33 54 7 2 31 30 0 57 83 5 24 11 79 37 74 78 20 12 63 91 15 64 28 99 50 81 29 66 11 46 96 45 53 4 99 84 86 47 93 21 4 69 33 83 58 7 13 79 71 28 70 87 
92 50 38 43 32 19 9 95 65 6 92 70 62 91 6 0 90 51 22 94 21 55 29 79 14 95 10 85 23 32 24 68 83 62 11 67 81 72 62 99 30 7 69 44 98 76 97 41 27 19 87 0 26 69 32 40 64 42 77 39 75 54 7 58 68 70 77 50 95 39 1 25 46 70 22 97 98 71 90 78 90 77 78 68 46 62 60 62 5 89 54 80 43 61 90 0 32 67 14 79 58 15 56 57 37 78 6 88 49 96 66 91 25 96 11 24 11 71 86 16 13 40 48 8 54 90 20 38 9 86 17 19 53 73 76 91 4 82 79 53 
30 97 97 56 45 8 32 56 32 18 24 97 11 72 5 65 14 78 55 23 64 72 43 18 45 71 61 49 6 40 55 36 89 4 44 86 64 76 95 48 47 19 45 10 44 51 27 58 29 82 34 45 54 77 63 51 0 24 53 6 16 8 95 57 64 39 44 28 68 39 77 67 10 74 77 54 25 4 65 6 86 99 4 92 76 67 43 76 44 96 35 12 56 30 70 20 0 66 1 89 57 30 8 67 4 85 74 82 41 39 40 27 38 44 19 14 64 15 42 8 63 77 72 20 59 42 92 81 60 93 70 17 23 31 85 80 16 11 62 58 
50 2 37 88 47 9 54 11 76 48 71 39 26 43 59 85 38 52 18 98 97 41 68 73 72 5 53 88 16 15 98 66 69 88 54 16 97 60 79 73 8 50 12 86 46 24 24 36 28 42 86 77 83 54 50 55 11 55 96 27 70 94 93 40 34 99 8 31 11 88 56 20 90 21 6 88 97 82 76 25 25 63 54 60 69 5 16 81 60 64 60 83 58 6 75 45 57 0 76 69 23 85 89 66 58 47 6 55 30 83 32 7 98 86 67 19 43 83 52 56 47 13 91 58 19 66 3 76 1 31 45 77 68 86 95 78 86 53 33 16 
88 17 23 86 56 42 58 51 78 10 7 77 23 98 87 94 16 42 23 70 74 68 99 94 7 94 73 93 99 58 61 88 76 36 26 84 78 84 35 56 95 95 34 70 45 21 65 62 16 88 84 42 8 83 36 67 29 61 60 28 20 21 16 48 57 43 32 36 79 19 44 74 14 30 97 60 4 62 74 20 2 58 62 62 41 98 30 22 12 90 50 32 64 19 32 73 14 16 0 93 35 6 20 50 36 17 62 92 79 36 12 33 94 74 95 87 25 25 9 89 68 11 73 32 30 5 5 96 21 19 90 8 25 62 10 13 79 72 58 10 
8 70 43 2 97 90 41 74 16 2 63 36 14 36 68 96 93 25 93 14 96 35 74 21 97 85 87 28 57 45 38 66 67 33 20 64 23 14 90 91 16 53 27 30 41 47 79 34 25 24 48 21 59 75 95 8 60 34 88 17 31 26 35 98 11 8 15 86 74 5 78 90 59 57 73 0 57 52 35 82 76 35 55 87 10 2 47 22 36 35 92 67 13 79 18 24 39 33 10 0 38 40 56 49 50 29 50 7 33 37 89 61 24 96 0 87 99 47 9 35 34 1 55 47 33 73 23 72 6 85 86 96 78 94 46 28 23 48 35 8 
37 76 21 61 72 21 0 71 20 10 59 54 63 66 53 96 39 76 21 97 13 7 93 91 53 91 19 76 39 54 36 76 30 57 90 3 30 90 26 50 52 37 4 16 3 57 64 94 85 85 91 98 44 37 90 97 28 9 25 68 16 61 96 98 70 86 53 0 29 80 2 81 17 6 97 73 15 14 67 52 99 59 51 44 96 93 93 76 54 19 44 70 32 93 69 3 79 22 55 60 0 58 42 24 16 91 97 84 5 64 36 5 75 87 1 23 32 46 0 87 65 96 9 98 89 78 53 21 53 8 81 59 18 23 83 35 15 32 71 72 
97 7 29 24 47 82 48 79 29 48 66 94 44 76 44 34 6 97 55 11 58 88 71 28 12 6 15 79 39 86 3 88 94 33 12 93 15 60 24 44 8 43 91 5 19 35 39 77 85 46 41 95 34 64 23 98 70 91 29 61 77 33 49 23 18 14 16 33 74 41 30 35 84 73 40 55 60 31 84 45 77 77 92 63 41 68 14 64 59 95 25 36 80 27 12 98 41 28 84 67 21 0 54 57 39 94 64 99 77 1 97 6 78 89 70 20 57 36 84 16 31 61 5 12 40 17 62 33 97 46 1 71 12 7 28 3 2 45 3 31 
46 0 38 24 41 60 96 51 96 80 19 79 94 24 91 34 93 54 68 91 52 21 62 65 28 42 20 82 87 23 14 85 75 4 10 69 64 6 20 12 39 39 91 85 64 35 71 9 41 91 0 93 12 14 10 93 9 31 27 48 6 41 34 82 97 96 51 61 54 23 73 45 62 65 30 78 52 2 88 93 45 40 86 58 55 49 3 16 80 30 64 38 24 98 20 21 46 23 83 1 46 8 0 61 25 29 39 77 83 79 70 28 20 9 38 27 10 41 43 42 72 59 80 48 10 53 69 56 76 4 9 75 13 8 88 38 37 79 68 72 
59 38 52 31 99 91 10 9 84 5 51 8 64 84 56 74 37 26 83 65 30 92 40 95 52 80 34 89 60 2 13 71 92 66 2 44 9 12 5 93 17 9 54 33 93 10 8 30 88 43 95 19 87 88 66 40 68 0 81 80 54 95 51 99 13 53 95 22 17 0 67 34 61 21 20 54 84 28 36 72 23 84 43 10 24 10 50 44 62 32 25 69 27 76 68 40 82 63 14 99 15 33 86 0 55 6 83 91 86 20 63 9 56 59 19 80 69 70 24 31 2 1 52 81 78 20 73 12 35 39 11 3 72 49 80 79 7 15 70 93 
35 86 54 43 45 26 23 14 96 0 97 50 1 50 83 79 22 56 43 10 47 55 13 19 56 45 99 64 60 21 9 48 7 16 91 52 42 67 66 38 67 16 40 68 66 75 0 40 31 43 50 78 50 63 49 59 60 48 75 21 70 84 21 77 0 12 82 94 79 48 84 46 64 24 67 82 99 19 23 82 62 73 12 65 89 62 24 49 62 99 22 84 35 43 14 88 56 96 82 87 96 67 86 13 0 5 95 95 24 70 29 38 96 94 3 37 8 79 86 22 78 61 7 66 4 73 54 12 21 88 0 69 7 38 82 3 43 30 50 67 
0 79 5 48 73 61 85 81 40 24 56 71 85 15 37 89 88 43 54 61 83 6 30 91 44 13 94 39 43 44 6 95 75 63 44 1 76 81 34 17 5 90 88 42 5 77 32 45 20 38 6 3 44 37 46 88 2 92 27 97 88 85 92 64 0 88 17 77 22 51 94 27 42 34 22 47 11 54 45 83 44 51 38 88 40 37 76 42 29 55 39 18 40 84 34 40 72 51 69 46 54 63 74 96 49 0 96 12 2 41 95 98 44 86 86 85 23 62 27 4 69 19 74 61 3 60 1 27 63 23 74 18 86 0 14 88 48 62 0 2 
55 48 0 0 34 86 37 9 0 64 65 69 35 40 30 38 0 83 18 64 6 92 34 45 92 0 33 92 63 85 94 70 33 94 70 19 80 59 28 32 76 94 1 11 86 83 2 38 18 20 54 77 12 88 74 56 89 59 48 4 44 94 74 78 88 97 49 20 56 78 52 32 24 5 44 62 40 46 0 58 66 55 87 30 95 61 38 84 20 38 88 65 32 63 95 20 12 44 92 68 74 44 1 50 1 45 0 41 43 65 51 61 72 91 43 19 52 81 4 73 19 44 90 51 59 37 23 71 33 15 40 8 11 41 10 64 38 75 57 33 
92 8 94 16 51 37 35 4 18 91 29 89 36 71 92 47 8 67 19 41 34 11 1 45 4 64 61 42 39 18 75 83 78 21 99 30 58 34 34 28 26 15 69 62 86 61 61 46 80 80 39 14 91 93 59 95 57 72 89 48 90 16 31 68 89 30 98 47 64 84 27 90 99 48 4 37 61 66 83 41 98 23 55 42 16 66 89 25 38 31 73 28 47 4 97 37 34 47 36 98 84 16 41 83 64 97 21 0 15 56 67 66 31 75 8 47 41 49 72 80 80 97 60 28 1 9 17 35 57 5 86 41 73 79 76 90 28 49 68 96 
6 87 62 37 62 22 37 4 71 61 36 52 59 96 32 60 6 1 48 15 58 86 56 32 65 84 74 45 34 42 41 40 29 3 29 44 77 18 48 49 80 36 1 91 32 85 3 38 86 51 53 44 89 61 28 54 46 54 52 32 96 93 24 78 49 53 22 26 72 22 75 4 58 28 95 90 65 98 81 51 2 34 48 91 48 28 98 46 83 50 78 31 43 2 9 44 7 31 71 79 53 98 83 63 79 30 54 44 0 35 96 31 21 96 74 21 76 72 67 59 22 45 91 18 99 52 62 7 84 33 38 89 84 74 5 63 4 59 7 85 
46 55 68 19 3 43 41 80 15 60 91 38 58 82 8 57 87 70 64 71 56 3 12 40 77 17 55 33 28 14 19 26 70 87 98 73 30 91 5 46 51 97 36 9 31 44 19 18 66 83 41 74 38 54 66 67 23 21 1 4 36 20 30 58 7 28 31 38 71 37 36 23 86 24 84 17 20 3 36 38 39 77 13 77 83 79 45 59 1 46 63 89 66 45 47 25 26 30 15 97 67 3 20 5 27 57 23 99 60 0 38 99 88 51 29 72 30 74 83 83 72 46 24 90 91 71 15 69 2 83 67 21 86 39 27 66 96 50 65 57 
61 3 8 1 6 37 25 89 63 8 72 35 6 97 25 50 20 93 19 22 76 86 96 14 78 23 80 74 25 46 83 38 1 92 91 8 81 17 97 45 25 21 80 32 70 58 82 91 3 1 65 31 40 61 45 18 36 26 44 13 24 28 3 25 72 95 33 53 12 30 98 89 4 31 73 74 89 7 17 92 9 83 23 1 96 20 71 85 46 67 50 70 95 6 96 19 1 81 73 65 12 23 6 68 54 80 42 43 87 60 0 48 95 62 1 43 83 24 28 81 92 31 52 87 37 0 59 90 81 32 7 45 7 13 65 62 45 8 57 33 
20 97 33 15 59 87 58 94 11 39 76 3 22 80 43 59 32 2 49 65 86 56 11 93 21 76 7 67 36 17 52 56 14 37 23 25 24 34 20 36 73 48 39 95 28 34 6 60 36 7 25 74 63 88 68 36 17 27 3 5 44 7 62 58 45 37 84 69 71 56 57 96 4 97 43 32 31 1 44 20 8 21 94 23 10 14 60 79 42 15 84 38 23 98 97 68 36 33 89 59 41 47 8 45 96 51 29 79 5 25 99 0 46 46 37 56 60 49 87 54 64 72 93 39 22 42 59 58 75 49 70 16 96 78 13 44 81 42 23 86 
67 75 52 65 21 89 74 33 90 61 88 54 85 81 46 8 75 5 18 50 54 88 18 2 18 83 46 0 77 22 38 96 97 90 61 18 31 35 3 21 97 91 28 82 24 74 42 99 79 61 1 86 49 71 88 20 54 87 20 83 9 10 79 58 1 41 28 84 28 31 6 25 75 86 60 99 60 2 51 91 15 4 77 65 76 18 85 82 5 57 66 66 67 97 24 20 90 4 5 19 35 63 96 10 49 56 62 61 11 65 52 26 0 82 43 97 0 80 32 57 89 50 23 9 47 99 29 38 3 86 57 90 49 53 53 50 62 15 11 73 
80 16 51 1 98 47 99 98 27 31 55 17 81 30 26 28 29 7 18 84 46 75 74 95 81 27 98 43 94 61 68 74 77 71 76 75 18 27 25 46 58 80 15 91 10 41 19 91 0 90 75 46 17 2 94 98 81 92 93 76 53 13 50 83 85 78 58 3 5 84 1 15 16 16 6 79 9 78 70 10 68 98 56 85 52 2 36 33 94 29 9 0 43 12 83 80 42 93 83 0 29 37 15 46 53 22 77 15 52 99 25 20 49 0 57 1 36 93 87 82 75 96 34 70 60 69 50 3 63 85 55 44 22 70 42 76 44 19 43 96 
19 68 68 68 53 26 22 41 71 9 24 46 57 10 16 18 80 66 73 95 52 28 39 74 50 82 2 95 1 45 43 72 65 12 93 71 90 15 12 61 76 88 8 33 99 76 51 79 43 76 26 47 4 65 73 55 47 76 2 1 73 45 73 91 57 66 62 47 33 74 61 9 63 69 43 14 45 46 45 40 23 71 39 79 36 13 34 36 41 36 37 14 34 10 57 91 29 19 91 62 94 52 72 9 73 67 75 70 13 20 11 88 91 50 0 79 15 54 15 56 43 52 23 77 15 80 20 44 0 63 58 46 15 82 7 40 49 82 11 15 
2 74 55 45 76 75 76 92 82 92 48 25 96 71 54 63 52 26 59 4 90 18 50 57 0 57 98 2 39 61 69 93 35 24 38 11 0 14 55 82 58 4 59 7 27 13 70 31 91 30 35 81 0 85 91 52 94 89 54 33 50 23 78 37 0 16 48 0 83 56 34 93 12 93 52 39 58 23 23 1 5 58 83 5 96 74 57 90 15 64 76 17 87 54 54 39 23 54 39 58 10 25 51 22 70 4 14 80 79 37 82 36 95 17 93 0 43 50 34 58 66 62 75 6 16 29 45 39 35 37 49 46 62 1 68 85 57 82 65 88 
71 99 24 19 16 17 62 11 19 48 69 86 10 96 44 27 77 89 18 13 26 68 59 41 21 79 78 30 14 43 70 37 95 94 56 63 63 19 75 34 67 44 72 30 93 16 57 70 6 27 35 84 47 46 77 68 78 55 50 92 51 20 29 98 14 38 61 29 57 36 64 76 33 36 6 26 5 15 48 11 95 84 47 42 30 77 11 8 84 13 52 87 34 34 85 0 72 47 30 29 83 46 57 16 82 16 42 87 83 91 50 78 27 50 21 9 0 84 18 63 97 22 3 31 56 88 32 28 35 14 9 71 60 67 87 94 83 82 34 18 
25 36 97 52 86 18 61 17 54 31 33 3 54 36 35 10 24 19 91 60 85 0 31 97 67 70 91 2 52 25 21 29 14 70 33 0 40 47 70 94 78 3 97 84 39 84 47 63 55 38 75 92 38 6 89 58 29 81 60 33 58 33 63 72 3 48 25 95 95 95 89 26 50 39 10 89 75 57 52 31 95 28 23 34 86 65 44 67 46 56 1 56 90 16 81 45 64 58 41 60 5 82 86 55 73 48 44 49 6 48 32 53 28 55 39 67 20 0 34 18 40 87 27 30 3 8 27 20 18 20 80 23 55 18 78 28 66 74 77 24 
74 9 78 3 17 17 22 89 1 56 8 41 96 87 23 99 95 50 19 13 23 51 88 78 21 18 6 88 92 36 12 66 45 90 21 14 8 43 4 61 0 64 2 48 51 25 99 98 27 71 63 2 22 51 80 44 69 39 84 13 75 96 31 72 39 53 39 99 96 43 60 48 7 14 96 10 39 96 60 18 67 23 21 41 26 53 37 47 92 21 12 19 70 43 44 61 96 83 60 45 26 72 93 85 86 42 47 77 38 7 95 57 82 68 98 8 22 88 0 14 9 19 86 31 62 30 92 59 13 52 4 91 76 49 28 62 91 75 39 81 
82 87 38 16 55 89 24 77 77 83 44 38 2 30 70 64 12 62 75 25 67 31 68 43 81 96 6 24 71 97 6 5 36 96 21 92 37 97 21 14 80 17 53 82 99 75 98 11 37 74 88 4 57 56 48 90 52 6 15 75 3 73 32 92 69 5 84 7 2 57 73 34 75 78 68 74 53 19 86 91 45 74 47 2 83 47 93 35 53 8 63 9 81 95 1 2 1 37 61 55 94 35 42 21 13 62 96 19 81 34 10 26 60 9 29 43 57 22 31 0 82 46 71 15 41 24 69 94 61 31 2 56 66 96 29 31 58 25 50 40 
11 12 66 72 22 47 67 31 21 50 41 55 96 65 70 90 89 92 36 51 23 90 59 41 86 88 24 97 66 75 37 77 87 55 1 61 3 21 92 24 71 86 32 20 51 54 62 92 46 98 43 21 41 54 62 27 95 87 76 61 14 13 90 53 21 44 15 24 17 59 0 40 45 32 60 48 39 22 41 85 73 36 7 14 43 21 93 38 60 70 51 74 35 93 28 56 37 95 32 54 54 85 47 52 69 7 52 8 82 93 94 7 82 53 21 25 74 66 15 35 0 66 9 24 59 89 32 49 84 65 55 91 50 2 43 71 62 95 80 44 
41 26 51 23 79 24 0 53 42 15 40 31 33 2 7 92 91 39 41 76 56 49 19 58 51 62 30 13 9 10 9 50 36 12 25 67 36 77 20 31 92 61 62 25 63 69 70 6 60 63 34 17 12 53 75 16 15 57 81 77 67 91 27 55 3 5 22 92 82 95 23 75 8 85 52 23 6 74 29 18 38 64 35 2 69 63 70 37 20 52 14 40 43 41 47 46 46 70 90 29 17 13 56 25 50 60 48 8 35 29 27 25 45 14 27 15 77 98 52 50 2 0 90 45 59 37 43 6 59 34 87 76 47 43 1 50 55 1 58 90 
31 85 15 28 0 95 43 29 45 95 79 47 13 21 92 73 59 87 31 18 21 18 47 21 13 0 71 68 2 81 59 85 19 26 13 19 21 9 0 18 56 32 65 70 53 9 43 12 49 74 83 22 92 30 43 57 30 66 25 84 0 36 21 19 63 87 90 36 96 90 55 52 22 72 22 76 34 17 40 83 91 75 5 35 57 1 92 40 67 70 24 67 6 98 86 21 85 76 58 81 19 65 85 93 89 8 69 23 25 62 6 69 37 12 56 95 65 49 35 32 71 11 0 29 9 90 51 46 19 61 27 90 26 13 83 15 73 5 39 50 
67 97 19 56 61 76 3 26 77 90 11 0 54 15 29 15 5 80 62 76 41 89 66 19 54 2 87 79 7 26 30 26 75 1 34 37 29 38 15 58 80 26 58 34 41 88 50 99 20 12 27 14 53 46 33 8 48 20 87 7 98 69 85 26 71 19 63 0 57 30 59 38 57 69 24 50 9 74 1 30 86 29 44 40 27 29 0 75 2 39 34 52 9 19 78 32 38 93 84 48 24 95 38 33 65 62 83 74 89 85 56 75 66 52 67 93 82 19 20 36 11 6 88 0 25 19 4 15 12 40 15 36 36 5 69 53 20 5 27 9 
42 36 36 8 88 56 53 22 75 25 10 86 31 99 10 56 18 14 23 30 55 39 19 43 96 40 96 16 45 75 25 39 11 14 99 52 70 52 74 97 77 85 36 8 36 46 16 6 13 92 88 20 83 7 63 79 0 59 96 97 34 73 37 98 39 36 50 61 41 76 59 18 61 47 79 49 93 47 55 6 91 44 26 74 3 41 6 3 0 54 1 87 79 90 85 19 26 35 80 19 63 91 38 25 38 69 26 32 68 82 90 60 78 69 86 81 62 44 37 63 98 90 2 78 0 87 49 58 74 29 78 37 21 68 14 59 89 93 43 57 
75 86 69 5 7 8 86 69 52 75 32 3 65 86 81 45 73 30 4 99 11 34 89 32 2 3 44 91 96 39 0 23 25 70 28 32 30 67 54 82 42 38 85 8 25 18 5 50 0 61 50 12 95 39 96 97 94 92 88 91 32 89 66 9 11 47 42 41 14 48 75 8 86 13 68 11 31 26 62 84 87 12 96 83 3 44 32 97 37 21 40 69 62 59 78 25 6 72 66 72 20 93 32 7 6 1 70 90 27 32 74 66 96 22 49 51 66 82 1 3 55 41 24 69 0 0 94 58 75 12 30 48 5 15 7 64 16 77 6 95 
62 80 13 10 54 63 62 20 97 63 76 4 56 0 73 9 3 19 67 31 31 50 31 88 65 38 52 33 67 58 80 29 90 93 92 44 8 54 17 57 69 93 13 25 93 86 34 49 57 54 80 88 56 63 29 21 1 81 6 20 92 38 50 34 31 42 79 92 48 96 49 17 41 63 94 34 1 29 83 11 35 15 51 91 78 80 64 31 14 70 52 58 60 54 92 91 48 23 35 96 71 37 65 12 52 59 47 5 40 82 16 27 50 68 18 80 48 82 12 62 4 16 20 64 70 13 0 18 88 43 66 60 32 31 72 84 42 71 90 35 
6 6 62 56 74 81 36 75 15 0 89 72 16 10 36 86 75 96 56 63 92 22 75 24 53 48 9 48 19 51 83 77 57 45 33 84 78 22 59 94 22 48 66 91 10 54 77 37 51 34 53 43 56 28 19 62 76 80 10 48 31 45 25 41 90 11 25 21 85 36 15 59 36 33 50 99 87 28 36 90 14 41 85 22 70 5 36 98 85 98 98 17 43 76 10 86 39 35 7 24 23 74 83 11 7 86 10 46 66 99 89 80 40 74 54 62 31 91 13 69 41 11 38 85 39 48 23 0 83 82 54 58 56 38 69 63 76 80 61 42 
31 50 22 71 77 28 86 60 71 99 29 13 62 67 50 2 15 25 32 50 7 87 8 63 77 78 78 53 10 91 95 41 94 69 64 71 97 50 31 21 1 13 34 64 80 36 66 96 61 98 98 20 85 7 83 14 37 61 67 99 4 62 40 98 83 4 69 33 7 53 54 8 66 40 72 98 76 90 46 89 41 45 9 78 4 44 93 93 57 60 92 61 75 32 60 58 88 81 91 47 86 97 56 52 37 80 3 65 23 49 6 64 46 67 42 50 11 35 43 20 48 35 82 75 19 94 33 60 0 77 7 14 26 15 66 64 96 21 81 19 
71 88 35 17 55 77 20 19 65 63 39 65 51 73 40 22 67 25 82 95 54 42 9 81 57 27 97 5 49 78 76 72 66 11 41 74 41 61 93 58 77 84 23 80 58 15 2 77 92 37 72 47 79 33 80 36 61 77 42 62 55 18 86 74 82 27 48 23 41 93 33 70 77 56 50 35 23 4 65 15 41 89 14 20 23 94 9 36 23 3 98 31 73 36 5 55 63 53 30 56 46 63 26 75 71 28 63 46 33 28 62 26 17 28 99 92 75 8 28 98 63 78 81 36 14 86 44 30 91 0 86 89 90 65 65 61 93 28 8 78 
8 22 57 25 2 56 18 77 16 98 28 79 77 9 67 43 96 11 73 87 86 12 29 28 77 94 89 22 74 49 1 82 23 58 59 26 66 29 55 82 28 83 13 57 45 80 0 93 44 74 32 82 86 61 10 15 55 99 37 29 1 38 11 76 48 23 2 14 52 58 48 80 93 13 89 90 46 90 83 90 16 16 72 54 77 82 69 85 33 6 66 86 97 78 63 45 53 65 12 5 75 12 38 21 26 27 11 24 69 47 14 85 63 38 39 92 72 8 77 5 67 44 92 64 74 55 61 79 72 73 0 0 38 74 73 16 2 36 40 71 
83 6 9 98 44 48 91 16 9 20 73 76 16 17 40 42 72 53 21 97 79 58 49 17 32 22 33 86 58 25 10 94 31 19 92 27 67 83 95 76 56 68 4 72 38 44 67 62 50 88 59 29 98 60 46 31 34 31 17 45 56 27 39 39 46 31 18 66 67 65 94 75 85 99 47 23 95 66 86 45 7 97 74 5 58 72 88 92 3 6 89 11 85 28 2 84 12 72 2 31 37 96 6 23 47 53 46 43 72 84 40 79 82 67 84 40 39 73 84 95 31 74 58 68 54 61 4 66 85 6 97 0 55 3 98 2 9 44 97 81 
81 38 12 63 5 96 55 96 21 39 91 4 65 50 73 20 63 77 38 48 36 36 23 91 91 21 45 52 18 43 85 99 33 97 62 38 46 17 34 19 8 78 24 74 80 49 94 43 78 84 91 14 72 15 57 64 88 3 68 6 98 54 5 31 3 67 21 1 84 7 21 93 85 97 19 65 46 65 60 24 49 4 91 22 71 48 38 59 51 6 66 1 12 71 32 68 91 53 69 27 61 42 20 98 39 91 16 37 56 76 14 6 80 5 28 51 5 18 11 9 24 29 10 89 0 43 57 91 48 78 71 9 0 43 60 12 35 76 2 91 
52 68 49 33 73 77 36 30 47 99 39 72 28 50 13 81 45 70 24 93 0 95 55 21 39 67 86 74 43 40 65 47 8 67 80 33 96 69 63 44 68 55 16 97 57 81 78 2 51 2 47 51 50 54 25 89 21 63 63 16 55 80 64 63 47 44 48 44 65 11 40 34 18 56 83 75 37 61 77 40 15 77 43 65 31 20 6 5 83 69 21 90 2 85 53 1 82 53 45 47 65 85 81 83 93 64 59 82 77 88 74 45 65 70 62 49 90 69 54 26 90 75 16 92 61 22 94 43 75 91 42 92 29 0 76 74 92 87 57 70 
27 83 67 45 53 81 94 44 2 48 22 93 75 38 37 88 60 31 83 88 75 26 80 4 2 8 78 94 47 87 16 75 23 35 20 76 17 66 72 19 14 94 64 41 85 2 30 97 85 13 85 60 39 66 16 41 74 47 88 22 86 4 49 9 40 69 38 9 35 10 28 1 57 45 94 42 47 24 39 84 90 25 97 29 43 13 23 69 12 11 91 99 67 40 8 7 61 46 16 48 9 97 1 66 42 96 60 41 20 51 25 10 28 22 92 71 88 67 41 0 30 84 51 97 77 12 57 38 10 25 39 19 22 40 0 16 36 97 57 9 
49 35 71 77 9 63 1 97 82 94 50 12 78 1 10 55 13 19 94 24 44 33 95 19 25 33 35 62 82 45 23 83 32 94 13 41 10 14 91 92 8 41 5 38 42 67 94 8 38 40 32 82 25 27 53 50 12 41 64 95 86 87 78 70 34 91 11 44 57 2 88 17 95 93 56 90 12 50 98 50 90 30 85 67 9 38 17 22 79 34 69 17 21 47 87 55 91 51 51 0 5 40 18 53 85 74 43 98 76 41 0 18 23 37 85 32 28 54 6 7 88 75 77 62 75 16 69 18 67 21 70 25 61 88 78 0 14 21 96 42 
14 49 12 37 38 49 21 66 4 80 26 44 7 3 58 34 19 28 52 39 1 23 16 62 63 94 60 30 67 9 72 33 10 37 70 48 86 43 15 42 23 41 87 31 44 97 65 15 25 70 54 26 45 22 40 60 16 53 90 35 62 15 20 24 52 90 72 38 86 39 81 9 80 20 92 76 17 10 44 95 80 50 73 77 73 14 37 41 67 80 77 81 95 49 5 99 40 29 89 78 69 70 87 49 42 32 78 12 42 22 7 74 72 80 51 45 46 40 87 65 20 16 98 67 65 3 66 57 33 56 35 54 78 75 3 73 0 33 85 1 
7 44 27 80 24 78 77 23 70 16 88 91 84 87 58 2 42 77 11 27 33 99 81 63 26 37 36 85 70 73 86 78 17 65 10 42 43 39 65 13 56 5 56 92 92 15 94 87 92 6 14 77 5 96 92 31 33 29 68 55 2 6 85 20 71 95 14 66 87 31 31 43 88 88 35 81 55 82 68 99 40 82 76 97 30 68 80 15 49 48 71 4 54 8 76 25 56 90 91 43 73 22 86 61 62 73 94 17 7 14 16 47 49 44 44 79 65 24 47 66 24 70 70 78 78 46 55 34 88 98 77 13 73 15 75 35 41 0 5 48 
36 73 48 85 70 92 16 35 69 63 1 45 33 24 76 12 70 31 98 11 82 28 24 55 43 51 42 36 73 99 85 61 73 33 46 95 77 14 82 98 78 35 44 63 59 20 27 82 3 26 93 85 54 69 92 49 21 87 86 46 86 71 7 11 56 5 6 85 19 88 36 49 24 32 13 35 4 40 17 7 66 10 45 72 80 37 22 53 76 8 99 63 31 6 26 39 63 85 76 82 25 12 32 1 44 97 37 48 89 54 8 8 17 53 80 49 42 2 2 71 62 53 86 93 11 12 84 74 97 61 8 75 73 40 76 70 89 13 0 79 
20 78 87 37 83 67 86 26 22 40 49 36 93 35 30 4 47 14 30 97 75 38 72 1 31 0 71 20 14 41 51 34 20 38 23 55 58 61 33 32 1 82 68 46 17 98 2 17 65 32 14 92 70 38 45 53 38 16 74 4 10 25 90 82 16 65 37 74 26 71 6 79 53 26 25 71 25 27 40 42 11 54 86 34 44 32 87 34 0 13 91 10 39 81 92 7 47 30 81 25 53 39 5 6 65 30 29 42 10 69 36 21 75 75 55 71 7 95 6 7 8 97 18 99 30 62 6 29 44 39 55 97 78 60 56 96 42 37 90 0 
