50
0 74 60 86 13 67 28 21 39 75 81 76 24 76 1 14 91 36 68 14 61 44 74 41 93 99 55 39 39 9 28 41 83 88 80 49 7 8 70 47 36 51 75 60 80 28 74 71 16 94 
86 0 38 12 71 84 12 26 75 3 36 3 96 71 44 76 20 51 37 42 50 73 94 77 85 26 5 12 97 74 6 35 51 97 0 74 81 64 1 56 19 89 11 15 12 55 44 85 59 81 
27 9 0 73 39 39 99 96 51 49 70 10 36 74 7 36 48 88 0 1 96 19 90 7 87 55 15 31 40 26 12 19 87 18 93 26 9 44 23 13 93 45 23 82 19 82 18 68 70 71 
21 18 42 0 77 29 19 44 12 11 70 76 30 58 46 75 84 56 20 59 21 13 5 44 95 76 78 66 44 0 89 66 18 31 82 95 13 1 40 25 12 62 2 94 20 48 70 57 56 90 
16 77 55 73 0 3 50 51 21 46 51 10 64 21 41 46 17 54 99 9 32 11 71 86 58 44 86 28 1 43 70 69 72 25 43 46 80 45 49 1 91 53 11 56 74 5 54 43 11 54 
4 43 17 76 81 0 72 68 3 73 11 25 42 83 51 37 81 31 34 31 85 26 84 96 34 58 53 88 2 65 94 6 60 12 34 42 87 6 10 43 31 21 68 26 56 71 15 38 55 50 
69 40 76 5 88 62 0 42 2 17 59 97 76 19 9 62 61 48 69 23 43 52 44 12 78 53 35 94 91 90 44 12 82 72 17 23 34 80 65 88 50 76 85 26 95 46 88 9 47 9 
32 90 14 29 54 92 82 0 38 73 32 34 37 15 6 54 90 92 34 55 33 36 31 18 62 78 17 3 39 64 64 72 6 30 53 61 23 35 3 13 60 35 48 97 2 6 51 92 51 37 
99 84 74 82 54 88 13 71 0 52 87 60 24 94 90 29 55 65 64 10 79 76 45 79 73 0 85 76 44 36 66 96 20 40 78 75 80 43 98 24 96 86 84 72 80 26 2 87 92 18 
97 23 95 94 2 20 46 87 49 0 76 15 39 48 7 69 23 87 13 74 63 61 60 99 33 92 26 87 79 70 6 28 93 1 74 95 73 21 34 22 64 10 89 3 59 96 24 34 36 37 
8 99 50 68 51 84 12 77 71 43 0 29 71 92 82 46 87 56 19 73 30 83 84 20 38 43 16 14 77 52 4 38 4 54 58 55 90 71 84 14 14 83 43 86 27 26 84 66 34 3 
39 64 38 23 36 28 18 5 94 48 9 0 86 13 53 44 20 43 15 4 9 30 39 53 68 66 31 4 32 65 59 72 81 49 47 70 29 66 75 23 14 84 22 52 98 27 96 18 22 64 
75 32 46 66 85 66 33 68 70 17 85 81 0 18 30 89 88 59 7 63 82 21 48 56 25 98 83 21 68 58 37 43 90 83 10 27 49 95 95 19 12 80 52 54 98 82 95 87 93 2 
2 28 75 50 84 0 48 20 73 17 78 11 12 0 94 74 47 96 21 42 67 34 74 20 40 24 2 35 63 96 37 66 24 12 68 60 12 69 80 85 86 10 48 50 30 43 77 77 39 98 
71 6 32 97 78 24 74 81 59 37 29 96 55 5 0 76 65 24 45 98 62 83 8 10 85 39 5 62 68 96 61 40 55 45 89 33 70 63 14 81 53 95 30 60 0 90 36 66 15 33 
16 77 68 24 39 54 15 45 16 84 41 29 76 96 75 0 30 97 29 96 78 34 92 8 94 92 99 83 10 66 16 26 95 85 3 34 91 70 31 7 54 25 89 82 73 64 48 3 61 29 
52 39 63 96 48 9 40 99 92 3 65 9 81 12 46 84 0 37 55 30 96 61 55 85 44 28 1 44 84 62 25 88 54 40 84 54 49 76 5 42 79 22 3 61 34 1 45 32 38 52 
14 86 66 21 72 62 2 25 58 38 40 83 26 94 23 62 0 0 38 5 18 18 79 21 79 13 22 76 97 12 81 64 99 47 85 23 9 87 48 67 25 88 2 3 34 77 65 34 1 4 
91 20 22 70 93 53 35 68 29 85 80 10 49 31 9 34 54 18 0 55 37 99 43 39 55 30 16 20 64 70 24 8 42 98 30 35 3 66 3 33 51 36 95 52 67 57 86 74 75 12 
29 65 12 24 56 67 54 25 39 71 95 16 79 37 14 9 72 18 27 0 3 30 64 50 82 83 7 21 57 35 33 38 52 97 63 8 16 17 33 56 40 28 72 19 17 38 81 90 56 60 
70 11 43 34 14 25 69 21 46 27 8 32 65 60 29 80 69 46 98 2 0 90 83 78 10 0 16 43 42 25 55 12 36 98 98 50 24 68 24 22 47 32 6 64 93 36 45 62 34 95 
16 40 85 99 18 47 52 34 42 94 59 98 59 48 96 9 50 72 29 26 47 0 59 53 93 4 41 38 66 27 33 34 19 70 86 37 18 38 72 60 84 83 10 43 83 7 5 86 31 34 
12 78 63 71 84 56 75 77 94 93 5 79 80 24 1 66 14 19 4 38 32 40 0 42 36 57 1 41 43 33 75 7 63 90 79 47 46 6 25 92 52 82 23 32 58 25 98 72 44 54 
62 28 46 36 71 82 93 72 23 88 57 51 95 21 41 26 20 88 85 97 32 37 79 0 69 90 81 19 14 77 25 77 6 71 13 29 54 58 53 29 98 11 80 45 84 22 24 4 62 9 
2 94 98 33 50 19 23 31 38 90 61 15 67 19 86 32 48 92 90 53 22 40 16 2 0 0 24 61 57 38 22 59 33 20 92 83 39 68 67 29 58 28 44 77 47 31 9 47 23 51 
52 97 91 69 0 80 69 76 42 26 15 16 37 48 37 82 83 28 50 50 58 60 30 54 37 0 85 98 28 61 49 81 58 92 50 10 72 71 87 66 50 54 83 87 2 72 69 37 52 71 
40 10 83 70 65 72 52 2 70 80 15 19 61 74 63 11 36 88 35 23 54 85 29 89 72 31 0 94 21 66 17 61 28 1 31 45 25 83 48 96 16 15 67 77 41 31 41 78 19 76 
53 25 13 83 67 85 66 80 31 87 98 49 48 27 2 32 72 79 67 72 75 83 40 95 61 81 78 0 59 97 82 13 74 95 48 41 32 14 74 64 2 72 65 2 51 19 34 76 98 2 
0 74 85 40 21 98 22 99 52 33 48 86 46 22 81 46 16 66 61 42 30 15 14 47 17 18 66 52 0 64 54 94 90 91 35 11 90 9 10 94 42 10 33 41 33 14 87 1 80 0 
43 62 15 9 9 33 79 75 37 73 92 43 20 82 34 7 46 76 16 8 23 10 19 56 51 4 22 39 5 0 39 0 17 7 61 79 40 41 6 77 66 98 72 86 33 6 45 79 83 61 
39 6 72 58 14 75 14 36 66 19 91 58 71 9 65 85 40 57 26 46 86 44 45 58 83 30 64 28 9 99 0 0 57 66 59 71 41 73 8 8 45 51 66 68 60 83 53 0 40 31 
47 26 76 44 84 11 74 0 39 35 52 81 35 61 47 46 33 41 72 93 1 17 44 19 37 57 2 91 9 94 74 0 20 2 4 56 13 78 8 53 65 12 86 1 74 86 99 59 27 71 
4 28 40 0 99 78 57 1 21 19 95 95 27 67 50 32 75 63 62 83 68 28 96 7 81 22 93 80 81 72 52 85 0 44 85 51 22 95 4 43 14 99 91 41 18 93 25 93 8 88 
76 77 68 24 36 49 46 29 81 79 53 85 16 57 30 2 8 52 49 12 48 63 63 91 56 81 84 34 74 92 22 2 21 0 79 57 91 77 86 72 57 91 58 73 48 88 27 8 92 76 
20 40 91 35 31 48 16 67 82 42 60 56 45 81 98 24 91 89 1 29 61 10 21 71 36 69 59 63 78 52 92 50 44 83 0 28 83 54 95 17 97 7 73 42 41 71 18 32 12 71 
61 26 34 82 97 70 4 9 33 34 13 25 36 57 61 74 85 44 29 33 62 78 40 87 20 81 11 90 65 23 13 27 49 47 61 0 17 17 8 3 3 21 80 40 30 41 66 68 38 95 
1 52 73 93 39 45 27 50 87 92 26 1 19 27 0 33 26 18 2 86 73 6 59 53 98 90 47 64 58 85 12 11 37 37 4 28 0 31 31 22 76 57 75 95 36 76 80 15 94 83 
1 67 89 61 72 39 51 19 3 61 56 67 24 45 5 28 74 40 12 57 62 88 66 38 35 2 14 16 17 60 51 19 79 92 32 51 31 0 71 86 48 79 54 72 25 59 52 51 99 64 
8 61 4 74 51 92 28 65 8 46 25 11 17 4 3 1 8 86 36 31 24 84 10 78 56 35 89 60 86 88 25 46 2 81 20 53 73 1 0 33 47 48 44 16 5 99 17 13 37 5 
44 62 89 54 40 97 42 82 57 80 70 34 27 24 16 99 30 41 0 53 75 47 1 71 15 58 71 84 71 60 89 67 22 30 22 15 27 16 97 0 96 19 71 23 96 39 23 26 81 23 
79 8 23 32 79 90 91 2 75 14 63 16 82 37 47 56 4 26 72 53 63 68 73 87 44 69 78 19 47 11 42 78 19 17 62 51 60 53 53 35 0 68 51 2 58 50 58 62 77 30 
16 92 50 41 31 46 62 10 65 61 21 60 91 93 29 53 96 89 59 49 76 79 70 80 81 80 30 91 94 59 73 62 52 75 55 83 22 17 45 39 30 0 99 21 64 29 75 60 70 34 
61 47 65 83 27 46 63 57 89 58 69 62 72 21 37 28 56 11 45 54 51 28 73 50 49 89 31 24 49 54 10 10 1 27 46 28 25 9 37 14 19 6 0 92 79 66 20 88 77 17 
42 28 97 67 31 47 8 62 23 57 68 86 19 69 13 65 49 39 27 39 53 46 97 82 90 77 48 62 17 25 32 11 6 29 78 37 76 38 51 52 95 20 38 0 41 51 84 91 90 11 
82 96 9 79 78 0 8 26 14 25 3 46 36 9 76 66 98 4 4 50 56 51 22 46 18 63 98 2 6 40 65 88 36 74 68 14 74 28 92 89 54 96 87 90 0 15 9 56 20 13 
58 28 17 32 75 35 95 73 89 54 13 54 94 2 28 62 16 55 43 9 96 97 57 83 39 14 99 48 22 71 14 32 51 31 64 26 66 12 51 7 66 17 61 60 19 0 75 35 96 70 
96 92 67 53 28 6 68 79 7 42 50 21 75 1 52 39 80 70 3 83 29 21 0 90 34 19 83 61 7 80 31 3 24 98 57 4 56 77 83 63 19 85 36 46 39 40 0 19 62 41 
2 91 15 55 33 49 26 17 10 33 49 93 89 73 91 98 78 99 27 13 15 98 99 51 45 38 92 35 9 54 28 63 98 43 70 31 92 97 48 54 82 97 47 23 23 90 21 0 42 0 
66 57 99 65 8 96 55 52 31 16 59 11 32 57 55 2 40 99 99 89 6 82 38 5 5 13 96 79 66 90 79 33 47 30 50 7 78 58 60 61 74 71 73 58 80 28 61 20 0 12 
61 85 94 0 91 52 13 39 83 80 29 14 65 76 45 15 35 23 73 47 37 0 18 10 58 98 90 71 19 69 84 80 7 30 32 98 82 98 89 17 30 18 32 95 46 77 62 81 52 0 
