130
0 36 82 77 2 40 43 89 14 78 74 22 54 57 25 16 92 23 9 88 40 7 2 76 74 93 33 12 58 64 55 64 0 89 93 2 30 36 44 44 14 18 19 21 27 44 37 71 68 46 11 8 5 65 36 80 58 21 92 68 85 0 84 85 89 77 40 19 13 84 16 80 54 35 1 33 79 38 56 99 36 19 60 42 84 96 74 95 18 18 63 55 18 0 93 60 29 33 31 43 69 47 75 75 82 28 60 14 18 68 65 54 87 25 48 23 74 22 18 44 93 34 99 63 86 92 23 15 77 55 
10 0 54 85 73 89 13 33 55 31 1 20 38 40 98 86 64 72 61 34 16 6 20 15 69 6 8 45 22 85 0 32 84 6 70 57 95 83 43 2 67 96 23 5 89 21 43 5 93 4 39 61 62 12 76 32 18 36 77 92 74 29 77 10 35 47 19 83 30 62 85 49 11 60 54 0 33 50 5 78 6 96 39 69 8 68 1 79 4 78 71 30 59 48 40 46 95 60 29 78 74 67 79 85 27 34 37 61 36 94 91 42 91 31 11 51 99 12 30 3 42 2 34 53 2 26 0 50 86 29 
28 13 0 7 50 28 93 88 41 29 34 32 72 25 63 35 29 62 48 59 18 42 13 4 96 16 30 96 66 69 77 46 34 78 5 84 6 51 24 47 32 59 79 56 36 95 92 65 57 92 25 27 34 90 31 82 58 14 30 76 35 60 74 69 38 80 5 44 83 30 43 15 41 22 72 77 69 64 43 27 56 20 6 42 62 90 77 21 56 7 49 91 19 24 12 57 4 69 53 39 99 96 54 40 71 26 70 40 42 65 19 50 37 26 93 99 68 22 72 24 29 22 15 49 46 79 58 2 48 64 
41 0 60 0 92 83 74 62 76 16 27 47 67 64 25 12 16 93 34 88 17 15 10 84 16 56 15 27 58 64 91 99 16 51 47 8 87 21 71 63 37 50 62 56 67 88 68 83 81 54 71 99 22 82 35 38 90 51 65 49 67 56 0 83 60 47 91 99 20 14 14 10 65 76 66 32 64 87 15 98 93 38 97 15 72 84 6 63 35 71 64 2 80 64 85 92 64 29 91 36 43 5 46 8 33 65 92 98 52 59 48 97 98 97 13 70 81 19 33 17 42 97 71 74 14 9 66 30 38 9 
66 81 66 13 0 0 78 86 50 82 46 98 79 44 95 44 66 28 63 52 45 58 1 69 32 15 78 51 97 68 60 16 1 79 29 43 31 59 30 33 93 28 83 72 24 78 69 90 58 32 42 56 42 96 25 75 63 55 78 61 23 90 77 24 69 58 20 0 69 2 85 62 30 68 86 54 98 55 96 57 40 91 13 82 87 38 9 50 45 87 63 68 78 92 44 99 50 64 52 71 18 37 33 48 6 72 54 4 79 3 61 19 94 74 2 33 64 63 35 9 51 99 29 81 91 74 80 94 90 32 
17 9 22 3 9 0 75 16 84 54 19 98 74 13 72 28 46 89 91 81 50 94 32 80 75 76 6 8 22 48 40 39 57 62 42 19 42 69 35 27 24 54 25 50 19 49 30 17 90 73 50 41 68 35 73 95 11 79 3 33 27 96 24 37 10 67 8 53 36 43 32 12 49 9 14 20 10 44 89 1 70 39 94 38 26 67 33 37 98 89 22 77 85 99 14 95 66 22 0 54 17 84 19 18 93 33 38 56 30 27 57 0 19 3 90 45 22 75 35 20 64 57 49 1 56 16 97 74 38 49 
81 8 34 52 26 27 0 17 83 67 96 92 19 15 47 9 13 69 85 48 41 1 57 91 3 66 7 0 92 97 49 73 5 83 77 84 63 15 1 98 82 97 43 2 65 90 63 78 60 48 78 53 50 35 44 53 53 3 5 46 53 6 71 58 42 49 94 5 64 47 55 98 97 98 52 62 41 16 92 53 16 22 6 18 57 3 71 63 58 28 9 11 35 80 22 29 81 16 34 97 16 41 96 13 92 0 27 33 68 71 86 85 93 44 3 50 47 27 65 6 7 74 17 94 7 39 23 88 8 9 
38 24 51 34 37 43 86 0 28 55 87 14 92 80 58 47 82 58 26 48 64 34 22 33 28 29 25 4 70 33 13 8 9 16 94 46 59 32 62 87 39 1 53 31 81 12 31 63 22 57 11 86 43 86 71 24 67 96 28 89 81 93 97 90 10 43 88 69 76 2 9 67 3 62 99 84 26 82 0 48 91 63 86 35 49 10 11 69 6 39 58 40 32 8 30 42 3 71 64 79 73 25 99 77 39 98 13 18 32 65 66 23 29 5 58 30 15 21 99 73 60 58 13 45 18 44 39 21 15 55 
53 40 80 52 69 72 2 35 0 34 0 8 57 29 13 68 12 80 89 11 54 2 21 67 99 39 63 38 13 30 46 66 71 78 18 92 50 72 27 40 6 28 1 15 9 14 35 21 95 77 33 49 31 6 68 30 98 32 20 11 62 66 77 85 97 47 78 47 19 5 40 77 85 41 44 95 7 32 16 54 9 1 55 40 8 24 70 6 56 42 69 70 61 46 8 58 45 86 57 16 43 97 45 29 90 89 76 50 21 44 4 82 98 60 22 6 84 44 64 92 87 85 14 48 83 22 6 28 60 15 
96 56 65 41 37 55 30 13 57 0 9 14 86 7 74 61 65 10 5 29 54 44 66 20 44 49 43 2 77 55 18 73 11 83 14 48 90 97 13 48 53 23 62 91 30 88 52 96 50 10 77 4 54 44 24 51 93 19 53 23 75 71 48 38 54 15 39 45 12 52 93 17 27 7 8 58 95 13 6 45 75 35 1 81 79 77 32 25 97 86 48 24 57 96 14 12 11 53 9 75 58 54 44 37 61 5 47 8 18 53 5 93 89 6 26 20 83 59 45 32 45 45 8 54 94 23 18 5 28 27 
33 38 81 29 76 42 34 23 2 52 0 7 97 18 13 76 90 49 35 36 33 32 33 42 86 27 17 5 85 97 32 70 36 66 99 12 60 34 87 63 38 16 70 88 86 36 64 77 85 51 65 70 83 98 12 69 78 81 26 15 79 11 85 67 77 84 31 37 70 18 0 61 35 23 49 73 59 65 50 96 16 67 66 99 18 31 20 96 12 47 63 43 58 48 10 87 84 41 76 7 12 29 68 99 52 17 72 11 34 75 7 50 42 73 49 12 4 21 60 69 68 23 12 78 71 75 17 8 16 94 
15 80 23 83 79 75 52 52 38 86 79 0 36 21 22 37 34 27 58 46 48 79 70 60 9 93 35 27 1 4 21 68 84 96 3 64 71 7 68 61 93 47 58 81 20 80 70 6 59 81 53 7 12 23 20 21 16 7 48 70 63 21 90 48 17 94 64 40 1 84 1 47 31 11 28 3 44 51 10 3 32 63 63 96 38 83 17 6 42 66 76 6 39 67 54 57 13 70 49 14 54 3 13 37 14 94 40 58 45 2 14 29 17 29 25 55 12 42 14 54 60 42 60 52 61 66 61 74 88 10 
41 42 13 54 31 80 48 72 90 93 26 4 0 44 33 51 99 97 46 65 4 6 8 16 10 69 35 71 44 23 82 85 18 95 91 49 75 40 73 66 85 0 22 12 44 8 63 95 57 9 61 61 68 69 30 78 90 65 50 34 40 32 71 58 79 63 8 7 55 33 25 40 33 99 52 29 7 16 25 65 25 38 78 45 59 8 24 49 25 74 36 66 58 7 24 37 22 84 44 77 18 21 18 3 21 22 33 28 90 10 45 68 48 76 13 59 36 37 8 62 11 44 80 69 52 56 59 26 41 55 
4 11 77 74 14 98 96 47 78 39 9 24 7 0 52 20 16 88 10 77 2 73 21 82 95 25 91 54 52 32 9 56 95 38 82 61 36 78 61 15 17 70 91 76 28 43 97 96 83 7 73 86 80 47 20 27 72 11 81 76 95 43 32 90 81 66 52 18 45 65 85 14 35 28 91 15 71 40 12 54 99 37 92 31 84 13 59 57 24 40 33 20 35 18 62 17 84 66 87 81 31 24 48 19 52 39 34 75 79 46 81 30 84 74 61 68 87 20 77 63 13 63 35 48 33 50 17 17 16 56 
51 0 80 99 19 32 90 53 7 21 52 41 51 88 0 12 56 54 85 86 17 50 49 53 98 82 55 68 51 71 24 2 23 57 53 94 89 43 48 49 64 52 90 15 40 57 80 48 11 17 34 28 67 35 33 17 17 88 85 21 12 62 75 35 19 29 30 60 72 30 61 89 82 3 56 74 60 88 22 71 5 57 52 24 44 85 42 62 26 79 83 38 41 58 25 12 39 7 73 64 89 34 53 23 38 61 97 50 50 20 22 7 29 74 32 73 11 74 87 89 5 22 27 47 33 5 11 72 64 84 
88 54 71 93 77 61 55 27 11 57 99 85 64 80 11 0 5 23 74 93 64 80 67 44 79 0 49 90 25 65 27 13 19 50 7 49 11 14 76 74 71 27 12 87 7 23 88 64 98 62 57 63 94 77 7 25 29 8 68 6 73 95 72 45 97 31 94 60 45 22 34 68 1 98 7 8 22 95 72 72 10 82 35 56 11 94 82 40 2 50 47 28 97 19 73 94 50 67 54 47 41 40 67 42 39 74 2 13 22 26 85 32 60 21 88 71 67 22 64 70 72 63 98 69 34 71 15 36 90 69 
83 83 62 50 77 53 76 79 66 98 57 51 82 18 24 23 0 92 45 5 14 70 68 12 91 2 35 7 38 77 28 73 60 90 75 37 43 52 68 61 2 25 13 85 43 89 60 85 81 57 90 95 27 11 59 19 13 94 78 4 71 6 77 83 49 53 20 44 57 40 6 59 66 71 96 61 60 8 98 94 66 41 89 45 52 49 16 17 95 94 21 19 53 51 2 2 4 75 98 13 15 56 72 33 27 21 47 88 29 45 82 47 38 23 93 90 24 9 60 20 4 81 39 9 32 93 11 88 68 61 
1 36 18 26 69 45 47 68 85 28 14 19 76 4 43 69 47 0 30 7 39 34 88 30 43 73 24 6 13 44 20 67 80 38 93 2 35 92 70 21 72 36 92 48 41 87 69 88 7 0 95 98 86 35 81 82 60 5 40 74 1 60 93 82 98 86 36 34 30 6 7 2 43 99 3 36 39 72 24 46 24 71 96 11 58 77 93 19 34 33 45 36 46 38 70 44 76 6 30 6 12 89 60 7 41 63 95 80 88 71 78 12 42 74 23 1 4 68 72 38 54 17 74 0 7 44 96 83 2 79 
41 67 20 1 74 61 17 22 93 5 93 23 17 88 50 93 41 54 0 13 92 67 82 19 19 89 15 68 24 18 99 65 85 19 66 11 33 83 33 78 40 79 2 58 67 52 3 60 58 16 73 2 84 7 73 55 96 89 23 72 59 74 37 44 94 55 7 79 39 93 57 79 72 59 89 91 63 92 51 21 61 76 76 97 83 49 52 31 90 28 3 49 2 92 45 48 47 53 27 38 98 85 70 22 96 59 13 60 4 16 33 65 44 9 14 79 11 66 62 1 46 65 51 1 9 48 49 56 1 29 
95 51 66 65 73 62 76 38 22 32 6 8 49 50 17 63 29 80 82 0 82 28 8 85 81 69 33 83 26 87 12 73 38 78 90 12 92 66 50 15 51 57 23 0 59 92 16 41 25 98 84 7 78 45 44 12 14 77 95 40 64 59 65 55 89 55 67 81 22 69 48 25 78 23 25 90 16 93 31 41 91 15 0 22 60 44 34 75 73 29 67 90 40 33 45 29 88 64 10 62 85 59 39 16 82 65 6 50 10 37 43 2 4 43 76 17 39 62 92 13 91 11 55 83 96 0 12 85 16 22 
99 1 33 39 69 68 56 75 18 66 64 14 20 21 57 48 38 49 10 82 0 53 93 17 36 90 69 48 27 85 23 26 38 8 17 8 76 25 35 47 92 0 61 64 21 70 13 11 19 23 93 33 77 86 2 65 28 71 14 55 8 89 34 99 97 3 7 26 29 94 73 21 94 34 37 67 4 50 78 24 26 71 57 55 10 60 20 38 83 86 46 44 75 32 43 25 35 2 51 64 96 24 37 43 10 75 10 14 77 41 90 3 64 0 10 26 12 31 17 95 17 63 39 45 95 34 70 82 36 73 
47 33 97 84 76 7 59 38 73 37 79 64 92 96 16 3 22 28 34 39 75 0 54 67 0 1 1 22 84 38 95 31 23 44 67 99 3 27 37 77 16 69 93 60 65 9 63 87 89 49 79 64 5 33 83 5 35 85 80 71 75 75 2 98 20 69 97 23 48 86 52 16 7 97 77 72 58 92 12 47 94 43 64 99 76 47 56 63 84 36 34 59 64 88 9 84 10 58 59 10 97 64 27 4 61 56 29 20 48 41 19 94 84 35 93 12 83 50 28 19 38 14 31 2 3 40 38 13 99 50 
23 96 14 2 52 27 58 81 99 59 22 19 53 58 54 99 23 89 1 51 9 39 0 40 94 20 32 32 33 83 34 9 31 0 11 84 28 22 65 27 33 88 98 38 98 53 37 73 94 38 24 55 30 42 47 24 62 80 8 48 15 95 9 47 95 72 31 23 94 96 3 79 84 1 18 35 6 55 8 53 46 85 8 28 79 8 4 93 88 64 41 3 59 2 50 55 75 81 30 69 30 33 49 14 87 19 1 45 74 10 98 72 47 59 0 26 67 4 19 7 21 13 62 80 15 65 87 90 98 18 
12 28 3 61 95 42 80 96 88 6 58 38 31 5 49 83 31 16 40 51 75 61 64 0 41 79 3 29 22 1 99 34 82 54 47 77 97 27 73 37 85 84 27 68 89 77 52 21 45 92 24 21 53 40 59 46 71 14 27 93 15 26 27 97 81 74 26 30 53 0 67 91 84 46 59 25 23 63 98 69 55 22 90 60 14 1 7 86 15 86 79 82 13 59 80 46 85 58 28 91 58 47 82 94 93 93 72 17 57 70 38 12 45 80 25 59 81 84 45 96 70 77 78 35 36 10 81 73 69 61 
64 79 8 46 26 2 92 50 71 49 20 61 13 65 41 38 77 22 22 22 70 93 51 0 0 39 63 62 13 84 75 77 15 84 76 41 38 68 43 61 69 64 22 82 81 63 73 10 37 47 33 7 92 36 59 73 76 22 87 89 6 62 18 22 46 94 15 36 14 59 97 83 75 19 18 8 82 43 19 71 90 4 78 83 40 38 56 16 12 43 57 19 5 76 93 4 22 8 40 37 19 38 72 94 9 42 55 92 85 74 63 28 78 94 11 18 84 19 87 48 62 44 67 19 20 12 23 43 73 16 
32 92 6 56 39 15 99 94 59 36 68 75 64 98 21 75 68 57 46 55 5 8 0 73 80 0 37 55 15 10 71 47 3 29 56 42 45 55 88 56 43 8 31 8 6 4 35 74 61 82 30 67 42 82 40 22 54 77 78 70 88 1 69 43 31 25 37 76 32 77 84 76 85 16 36 43 72 71 17 34 5 99 1 48 33 93 70 88 22 0 10 62 2 79 5 33 57 94 61 41 71 45 69 56 13 5 99 86 29 69 20 34 20 73 82 54 66 5 42 88 5 52 51 59 83 8 92 92 3 53 
34 26 51 55 83 16 61 34 2 90 3 74 24 24 47 59 78 65 16 72 54 21 76 57 33 59 0 25 4 72 31 90 99 34 45 82 50 6 16 5 48 72 31 73 48 31 84 78 96 0 2 2 73 78 11 6 89 29 84 93 1 15 83 0 1 81 34 51 39 3 56 88 75 88 13 75 19 97 53 67 49 55 70 74 85 81 81 74 62 65 68 64 32 3 64 33 36 51 36 76 54 93 16 81 33 29 56 4 78 61 71 79 68 93 53 53 75 34 79 89 51 99 53 35 3 70 68 91 21 5 
67 27 50 83 8 35 64 16 91 42 77 62 21 97 8 75 2 35 61 81 24 13 81 78 48 36 0 0 27 21 26 47 48 28 30 8 63 95 24 54 89 53 68 63 50 76 38 4 63 51 85 88 64 18 66 65 54 18 86 34 39 64 81 39 92 63 99 7 10 23 13 0 76 33 63 78 62 53 82 25 4 19 13 21 38 31 38 44 49 24 78 40 40 11 79 32 75 30 91 85 53 4 37 81 89 52 59 51 5 93 77 10 13 42 83 3 74 21 99 75 97 78 16 37 41 47 21 68 78 64 
54 31 68 43 65 9 96 76 61 1 70 90 63 35 32 98 90 58 19 89 34 68 19 50 5 61 49 78 0 27 42 35 11 62 79 76 72 27 4 85 80 74 75 44 61 59 94 51 18 14 93 52 82 12 54 40 25 3 70 7 83 65 42 94 79 73 22 51 0 26 88 33 53 63 29 14 23 23 18 93 89 11 45 24 75 99 64 1 54 86 8 37 51 50 83 83 76 57 86 28 84 75 61 89 90 90 55 65 66 73 58 55 36 55 79 12 6 95 13 61 82 21 50 85 23 34 68 51 91 55 
80 27 82 93 16 72 36 72 38 2 97 48 9 34 4 89 46 10 84 11 71 18 84 22 56 7 8 76 11 0 83 91 79 65 36 95 38 72 19 28 26 69 76 36 3 80 77 1 43 61 64 14 32 48 88 88 7 48 64 18 0 48 61 79 13 98 26 3 22 98 83 1 67 12 89 22 92 66 75 87 27 39 2 59 39 42 99 46 91 16 17 43 64 30 22 29 28 48 85 3 98 68 56 65 80 45 39 25 11 14 12 90 5 66 2 44 61 1 43 4 17 12 47 33 42 69 15 23 69 0 
26 20 20 34 85 53 79 25 30 90 91 94 32 97 13 34 41 74 88 36 30 57 48 77 91 91 98 58 14 19 0 92 39 30 78 77 35 57 54 17 99 45 64 31 42 77 18 36 3 6 72 33 63 21 62 6 64 12 64 30 83 74 74 75 57 52 52 92 9 6 62 60 51 26 91 94 3 9 30 58 67 54 43 31 27 5 37 91 69 54 73 52 28 47 79 85 99 31 30 60 37 44 20 41 70 64 87 25 25 69 83 45 23 78 76 51 35 65 42 4 19 16 8 0 15 88 85 67 19 67 
27 9 11 0 2 33 16 89 58 93 58 93 38 33 71 14 84 6 32 79 62 3 47 71 3 62 11 41 29 82 60 0 43 24 61 45 57 29 86 68 22 96 13 61 30 37 27 66 95 11 45 58 15 92 81 70 7 44 63 88 26 24 49 70 48 10 67 57 39 6 25 14 54 91 75 84 28 54 3 23 66 48 81 81 93 14 3 0 58 67 40 37 91 90 7 91 52 26 0 44 84 26 58 39 69 33 75 97 39 78 20 5 79 54 86 72 20 42 24 79 9 64 16 52 54 75 43 7 53 43 
51 90 21 9 29 90 94 56 39 33 35 12 91 66 66 29 38 38 71 62 69 80 78 37 32 33 64 27 92 18 23 43 0 96 4 89 39 50 97 78 35 84 90 26 50 8 56 88 99 27 2 68 60 81 6 92 66 70 72 58 40 95 53 0 91 57 41 82 59 39 61 94 23 3 21 26 64 29 14 63 8 69 31 68 2 37 61 68 60 85 26 0 80 79 53 23 88 94 6 47 85 19 93 61 74 66 87 38 95 1 1 4 22 33 72 24 22 85 44 34 70 22 35 2 1 40 78 41 34 36 
40 20 7 34 81 81 0 20 20 96 21 21 52 96 6 76 72 81 62 17 15 84 39 2 39 93 42 17 86 29 5 27 1 0 61 82 93 13 2 13 9 75 87 13 23 45 90 96 78 52 65 94 88 56 48 27 49 91 96 88 20 1 15 21 13 76 55 59 89 9 24 51 36 63 16 12 9 6 60 39 10 25 85 99 81 34 78 83 77 75 71 49 76 38 70 42 66 77 1 7 38 25 58 26 89 75 38 50 33 98 89 44 75 75 95 57 61 73 92 38 48 15 87 25 53 9 19 19 38 20 
26 76 97 37 54 86 64 93 88 97 43 78 93 19 5 88 28 66 62 72 56 10 87 43 87 40 4 6 11 42 78 37 70 76 0 24 14 90 17 3 88 13 33 81 32 90 22 12 8 84 84 64 46 23 59 34 63 63 92 26 5 71 63 75 47 90 99 61 32 69 16 72 82 49 6 66 39 28 78 47 12 14 63 58 37 22 44 52 85 37 78 90 8 93 17 7 35 17 20 68 38 37 40 20 38 46 38 30 26 68 29 38 82 93 97 71 15 93 23 53 30 53 95 90 46 13 97 82 82 70 
2 20 59 94 92 49 93 30 79 19 98 61 10 32 54 59 3 21 52 26 26 83 79 22 73 77 35 23 11 17 45 65 89 4 60 0 53 5 63 85 76 13 46 86 45 0 45 0 73 98 78 0 33 9 74 58 86 9 81 50 78 26 15 19 82 27 0 36 32 15 21 9 28 19 47 25 71 45 25 44 43 3 96 28 12 70 86 50 31 20 0 61 98 68 80 33 95 32 69 28 99 42 89 27 61 88 52 84 33 29 28 28 84 77 56 96 99 95 99 83 67 51 96 17 19 29 50 15 13 19 
95 13 13 36 92 26 24 45 10 58 26 91 38 11 20 95 59 71 42 58 54 9 10 51 26 29 80 77 96 93 48 91 58 14 27 51 0 4 48 55 14 74 98 52 85 18 99 97 89 41 55 44 2 17 47 81 99 79 10 95 24 58 39 83 24 66 86 69 22 34 24 36 8 22 41 46 40 40 43 81 34 50 77 36 68 24 69 19 55 79 14 80 90 53 15 14 72 1 35 94 35 59 83 95 81 24 93 73 64 36 55 50 39 32 87 7 9 8 78 64 88 92 96 78 98 63 44 22 64 80 
68 51 91 51 47 73 75 92 98 92 29 5 42 68 38 81 27 99 90 57 15 78 49 64 8 99 27 4 21 44 84 90 95 28 93 94 1 0 87 51 13 68 57 7 88 47 89 67 98 31 24 13 9 25 77 69 25 57 73 98 1 10 40 96 38 34 43 91 55 30 94 20 98 51 27 86 98 68 5 96 99 29 62 60 54 91 29 31 48 55 30 49 17 22 98 7 8 41 50 63 71 44 35 21 96 15 59 46 83 64 95 83 93 57 95 47 48 77 31 49 32 61 98 1 35 96 8 44 89 58 
59 60 54 95 33 50 10 92 49 45 56 44 28 1 53 76 1 53 53 32 2 37 45 53 38 80 1 98 24 91 8 84 3 62 79 37 65 41 0 14 86 38 10 67 39 63 43 92 68 48 24 71 85 69 76 23 50 77 21 74 20 29 58 24 43 89 61 8 30 42 22 69 32 84 36 24 47 31 16 68 79 41 39 64 10 67 39 12 44 12 87 65 93 97 41 36 39 54 45 21 96 19 90 29 4 26 53 3 9 21 71 88 62 62 4 25 29 43 37 26 55 76 43 48 26 84 85 65 38 82 
86 86 53 77 67 9 55 72 65 17 94 36 5 56 51 10 33 32 5 71 10 61 99 53 61 25 89 98 42 79 80 29 18 86 58 85 95 65 58 0 82 4 49 40 12 0 50 46 84 7 69 95 68 68 0 82 46 90 80 88 21 13 69 39 99 79 25 94 45 35 7 79 91 56 19 3 8 21 1 92 29 70 39 49 91 40 31 37 82 64 77 3 77 99 95 28 78 72 22 75 7 29 55 50 37 26 53 45 0 55 38 81 77 29 30 68 21 14 57 3 30 35 59 7 34 54 35 64 26 9 
40 85 91 47 35 28 73 40 74 25 47 64 6 25 45 37 45 67 3 3 70 33 90 29 92 24 35 79 88 61 88 80 46 31 27 33 60 53 74 86 0 21 2 85 98 47 74 44 14 77 47 37 62 89 18 54 13 54 33 53 15 73 34 14 5 13 47 17 18 21 3 97 95 5 34 45 4 8 89 19 37 88 8 99 77 26 5 42 80 90 48 48 63 82 62 20 47 61 37 66 35 92 15 82 49 49 27 54 57 17 25 46 57 33 45 87 59 2 29 92 44 77 40 59 11 54 80 11 15 69 
77 2 62 92 84 11 93 12 65 50 81 90 96 90 75 93 77 35 47 59 79 91 88 19 50 0 25 30 63 92 52 40 95 14 84 79 25 77 43 43 79 0 33 27 15 9 72 44 96 19 3 27 62 92 46 12 44 23 95 7 15 47 99 62 61 35 94 38 64 37 81 95 14 67 22 81 28 94 25 24 13 81 3 27 73 49 39 69 24 86 76 91 33 27 54 46 14 48 85 78 37 18 73 51 85 47 84 13 41 10 89 6 91 92 33 16 93 24 85 17 11 13 61 96 92 15 43 6 15 80 
36 52 98 61 56 36 8 92 49 49 2 91 7 45 83 92 13 29 16 50 98 27 63 59 24 7 74 19 65 41 99 1 46 49 62 54 85 22 46 35 23 1 0 30 98 61 22 12 42 39 62 41 18 78 0 94 37 27 13 3 68 12 56 66 14 71 20 99 93 67 86 17 20 64 47 18 78 22 82 20 13 97 13 31 75 14 26 64 93 91 67 13 56 24 80 70 95 0 69 40 19 56 57 39 72 57 10 50 79 92 23 44 89 36 27 16 2 53 81 95 97 0 61 53 76 41 23 23 41 92 
64 13 0 21 4 25 30 14 27 9 7 50 53 96 39 33 65 93 86 46 41 35 46 2 88 75 43 11 98 36 56 14 49 8 36 54 85 18 20 13 28 27 15 0 76 6 66 41 0 5 39 41 40 37 43 81 12 38 44 63 74 0 77 76 61 65 82 46 84 2 11 64 82 27 49 10 33 68 51 85 73 42 26 65 79 21 98 44 59 43 7 86 95 84 62 56 2 96 55 86 98 66 50 32 93 99 42 79 67 93 64 92 87 43 10 67 64 8 11 76 3 70 62 99 54 76 55 56 72 10 
94 70 77 44 55 22 96 97 53 15 43 18 60 30 13 70 49 29 30 60 5 34 82 67 85 89 43 40 45 15 3 92 38 32 88 45 6 84 42 60 0 37 30 60 0 43 82 17 72 64 30 78 50 12 97 35 1 93 76 99 60 31 43 50 63 31 95 21 16 90 81 68 27 11 80 47 6 14 65 79 78 47 9 29 11 58 64 65 51 92 16 64 23 59 14 38 90 62 60 58 52 93 26 79 5 58 27 11 72 44 42 51 43 3 32 6 62 96 71 65 41 39 81 16 50 48 7 41 10 19 
99 62 12 78 93 69 88 72 33 61 68 75 64 11 31 96 70 45 44 93 62 37 33 44 54 83 92 61 76 2 80 28 16 44 58 61 14 46 34 47 7 2 74 71 66 0 19 36 50 16 81 65 53 14 9 7 50 53 20 26 7 52 54 23 97 64 84 11 11 70 58 18 73 84 42 91 90 61 79 92 29 60 57 83 27 18 90 77 71 63 55 78 15 62 53 12 26 38 75 37 60 85 8 33 70 50 76 60 63 55 4 93 68 62 76 95 80 18 72 4 81 79 34 97 41 88 61 68 78 37 
5 38 22 65 24 92 15 52 4 31 8 9 24 28 23 52 23 55 70 47 59 4 26 94 53 68 34 14 88 12 3 45 2 26 11 26 70 78 79 75 9 39 36 85 67 59 0 42 14 60 89 26 64 67 20 69 87 6 83 75 18 87 73 72 65 84 99 87 62 30 62 24 21 50 9 40 9 99 82 76 59 23 2 75 90 22 44 78 28 79 5 98 18 78 70 83 14 21 71 29 3 85 53 76 36 62 16 97 61 50 73 72 73 75 47 64 49 43 94 29 23 99 79 41 30 2 77 44 23 0 
73 79 37 26 55 25 41 24 23 54 74 48 27 0 76 26 16 25 22 10 7 45 61 86 38 91 88 67 88 64 67 61 95 5 40 50 30 33 26 5 87 53 6 66 53 82 45 0 7 67 83 66 64 44 53 54 88 93 22 28 57 89 89 52 46 81 55 29 66 33 86 54 86 92 72 91 74 69 12 34 88 95 0 52 92 5 7 80 99 81 8 8 22 49 13 69 83 20 50 49 53 36 55 92 29 80 83 55 49 96 89 38 91 90 42 83 47 1 15 46 82 75 7 57 77 20 78 60 40 28 
61 45 16 17 37 97 97 73 53 98 69 42 36 12 84 31 48 32 32 15 30 67 91 37 24 20 9 2 32 1 82 93 47 50 10 36 48 59 9 1 58 78 95 94 43 32 77 43 0 10 58 46 29 1 84 5 21 45 59 53 47 41 99 94 91 9 82 91 69 92 92 27 22 40 73 65 72 51 8 88 13 19 86 42 20 22 47 94 68 58 99 15 99 98 61 42 60 43 34 29 35 78 8 58 18 33 75 42 84 36 82 49 55 69 43 75 91 42 21 59 0 21 26 99 19 87 94 79 31 28 
60 18 58 20 28 77 54 4 71 90 40 54 92 95 23 35 22 66 78 44 78 78 17 4 30 88 44 24 68 27 4 80 45 62 1 74 91 7 78 63 49 70 17 41 17 92 77 91 10 0 35 88 85 4 45 15 93 89 91 13 16 47 93 13 10 46 87 1 5 17 16 55 87 85 96 56 29 25 48 40 32 83 80 18 40 25 85 33 66 29 46 34 76 91 48 86 90 35 40 95 53 8 50 92 94 99 49 75 76 97 67 9 32 48 79 72 25 64 57 92 93 55 26 22 47 74 60 37 62 0 
84 67 61 87 59 7 86 60 82 62 9 50 23 42 50 2 66 75 19 24 67 12 79 46 86 78 72 47 67 34 99 52 53 60 39 65 67 77 25 2 91 35 52 15 29 2 17 95 77 36 0 97 1 3 95 39 33 67 86 1 54 86 5 7 46 44 24 66 73 50 68 64 37 20 31 66 74 1 13 3 89 85 52 90 40 47 30 73 67 68 74 73 54 79 32 1 75 57 67 0 7 87 65 96 7 48 62 33 49 75 88 39 12 41 81 4 88 63 78 7 32 4 80 86 36 13 39 63 70 58 
64 29 45 81 25 4 29 39 89 31 66 78 70 31 19 3 35 59 67 65 67 99 22 99 37 10 12 77 73 34 35 89 15 33 70 40 37 52 31 27 35 98 57 5 29 76 8 16 35 75 82 0 26 56 54 64 66 18 41 39 53 28 29 68 13 51 61 3 55 92 82 90 42 39 47 71 15 8 40 2 83 74 57 62 30 11 26 96 29 19 87 34 99 68 55 13 20 16 68 27 60 50 18 3 89 17 26 4 25 66 58 61 40 15 23 22 78 1 18 60 72 6 94 71 74 1 36 46 17 4 
74 30 6 44 33 95 61 11 51 87 78 10 0 70 77 23 93 56 76 11 68 48 69 14 71 96 16 60 42 85 16 68 15 23 12 0 70 26 12 22 65 42 84 65 12 13 40 57 69 16 21 89 0 90 4 35 86 20 95 81 57 12 49 73 87 14 25 57 92 37 79 9 31 15 74 96 29 66 53 50 82 74 40 98 17 96 33 55 16 81 88 73 45 90 98 32 56 24 89 48 13 21 57 45 88 83 41 17 49 46 20 83 73 60 81 42 56 66 97 24 99 38 49 44 28 0 28 84 24 70 
84 89 91 93 86 31 76 27 49 77 26 69 12 99 81 93 41 89 11 90 65 11 28 14 7 8 14 36 44 90 6 28 32 49 21 18 32 49 98 81 78 24 2 90 75 35 35 68 76 47 58 41 58 0 8 65 99 22 53 44 65 11 72 49 12 94 67 45 95 65 78 74 41 81 64 16 68 0 84 45 47 95 38 57 86 46 74 85 21 28 29 86 91 2 35 4 48 54 49 43 72 79 69 13 12 34 82 81 34 18 78 33 65 16 90 51 63 16 37 84 96 66 22 88 20 9 44 20 63 45 
16 87 24 85 1 37 19 35 70 5 5 48 38 71 64 80 22 27 49 59 63 45 78 85 85 50 46 29 71 62 26 87 49 51 72 2 40 92 37 10 97 95 58 88 66 74 20 40 54 69 52 17 67 30 0 52 32 1 34 3 63 60 90 13 11 63 67 51 7 5 61 56 52 71 96 18 46 17 10 0 38 62 17 5 44 24 58 77 26 44 80 41 4 23 6 68 38 74 19 45 31 33 53 83 4 50 53 2 19 63 2 57 78 72 15 22 96 25 99 74 69 32 68 73 55 74 41 93 0 13 
90 83 98 43 18 54 45 71 57 64 87 11 74 65 83 89 39 32 14 91 6 83 75 26 8 30 53 2 75 53 15 17 37 65 12 55 19 58 79 28 74 18 40 48 35 75 37 26 7 3 17 66 86 92 92 0 74 45 49 1 51 16 70 40 81 83 47 52 93 78 81 67 96 21 68 83 96 5 10 56 61 27 22 99 72 66 46 98 12 95 52 63 63 22 55 44 5 2 49 50 81 30 18 77 3 86 13 51 43 23 7 56 2 29 56 74 96 2 25 60 50 77 75 13 99 30 10 57 84 59 
7 65 41 77 95 44 15 8 47 11 31 55 67 33 36 23 60 84 78 85 96 28 62 71 93 13 53 55 70 38 66 78 55 59 7 2 55 23 10 3 34 93 58 1 79 46 25 39 83 55 24 79 83 38 3 28 0 56 36 74 46 2 52 54 62 11 56 17 34 67 20 68 12 30 22 91 29 99 30 12 54 6 91 37 96 94 17 0 3 53 74 1 8 78 55 70 89 12 39 24 31 12 44 43 42 66 87 23 65 17 35 19 76 27 8 24 73 26 24 76 79 98 78 87 76 33 9 66 97 49 
42 28 13 86 24 7 53 11 31 18 80 66 90 8 45 98 33 19 24 57 95 56 8 25 95 84 11 57 2 8 58 96 89 71 83 13 78 88 76 9 6 56 28 48 65 73 47 98 92 23 7 40 79 15 65 27 52 0 84 6 37 42 3 26 13 86 91 43 74 67 53 32 23 33 33 88 6 80 38 99 3 46 91 35 13 56 62 17 85 98 24 22 92 27 0 5 65 91 0 91 58 5 75 33 38 8 22 45 40 12 96 44 10 87 31 24 95 45 41 80 95 17 54 87 44 54 44 61 97 44 
4 7 50 80 41 88 40 15 85 81 27 81 77 38 68 60 14 64 5 7 96 52 25 3 39 69 9 83 83 7 27 87 14 29 19 7 70 12 22 55 45 50 37 74 40 57 34 54 73 91 61 22 43 86 25 82 8 34 0 43 93 44 82 60 26 2 67 96 66 90 51 11 92 40 85 32 98 71 38 71 62 99 93 57 38 70 39 98 57 56 41 50 52 75 62 30 77 30 26 95 72 78 6 64 70 43 48 68 14 86 92 28 37 37 85 27 8 24 25 65 32 18 67 37 94 30 67 23 12 46 
19 84 76 77 0 46 21 48 67 87 86 59 16 23 96 1 51 56 78 28 73 62 99 41 51 93 23 71 68 35 17 39 71 45 17 71 91 90 19 58 29 57 69 45 80 66 99 83 74 77 64 48 91 63 41 43 8 64 14 0 99 83 68 70 28 37 93 19 27 64 30 56 21 99 54 1 17 53 37 92 82 1 40 73 16 81 68 24 45 82 52 96 65 72 18 93 9 11 65 88 75 95 97 96 94 51 49 12 56 38 56 90 39 96 63 7 29 32 31 26 66 36 22 84 60 92 77 70 55 94 
58 30 89 55 78 36 58 79 0 14 18 56 4 9 4 20 17 33 4 0 59 22 88 33 6 49 77 36 19 32 30 29 62 20 85 92 8 43 23 8 10 41 16 66 51 20 38 20 5 94 20 16 17 9 1 75 58 78 11 29 0 42 58 24 14 43 68 22 39 91 82 1 33 98 67 36 70 58 56 75 52 76 43 21 37 44 97 95 22 8 24 84 50 83 8 64 78 76 86 17 67 68 18 52 18 38 88 88 96 96 15 48 73 10 70 10 54 19 58 28 27 82 64 78 17 72 94 96 0 33 
65 20 53 84 24 72 22 65 12 70 61 80 18 86 90 40 49 45 59 7 25 39 41 90 69 11 14 63 7 67 96 72 39 50 8 63 74 82 28 86 52 90 66 23 76 57 63 77 54 75 36 31 14 78 21 83 41 88 98 48 55 0 72 94 97 33 9 23 15 38 9 68 28 28 91 56 37 6 86 43 33 22 74 99 0 48 34 93 88 33 93 43 80 66 89 29 51 98 52 18 88 13 86 68 41 29 77 30 88 63 25 73 85 0 73 38 0 7 31 88 92 25 83 72 43 24 53 94 74 5 
12 63 19 51 83 12 32 60 43 72 23 20 46 9 20 71 99 72 30 30 60 23 55 95 47 50 19 1 44 46 6 9 61 77 12 44 90 44 5 85 17 28 5 15 89 78 86 88 2 16 71 15 91 78 10 39 29 82 92 73 28 50 0 89 28 46 33 70 43 90 7 60 19 64 27 60 94 65 1 97 33 72 12 25 50 74 16 79 56 8 5 36 58 39 77 38 38 63 60 81 53 67 93 24 32 20 85 26 37 86 75 70 10 87 95 60 62 11 92 70 71 49 7 82 40 36 20 78 99 81 
59 5 48 4 29 32 24 66 11 13 4 86 84 14 26 31 27 40 95 19 10 66 68 69 48 60 6 21 39 57 2 50 62 2 55 44 87 31 10 98 45 15 36 29 81 14 60 8 54 55 27 65 74 47 34 22 8 92 43 99 2 97 49 0 52 4 60 39 88 23 89 33 38 77 14 19 92 26 28 46 34 7 11 8 7 98 82 67 42 78 66 44 27 15 61 79 72 73 18 12 96 59 45 86 37 11 6 29 37 86 75 23 45 39 83 4 89 18 71 31 96 89 28 23 57 41 55 29 14 73 
41 63 33 38 49 70 49 7 51 38 45 26 14 43 17 97 47 6 15 71 90 63 60 70 39 17 11 94 46 77 19 39 40 4 29 90 26 30 97 77 21 95 56 35 38 73 84 85 32 52 56 74 15 17 44 6 86 7 0 33 84 72 24 25 0 6 67 55 36 16 84 57 11 40 44 1 66 29 87 50 81 95 24 48 64 68 55 51 75 7 36 11 31 12 88 60 18 55 15 7 24 51 16 87 44 61 89 10 42 28 12 75 23 36 23 40 56 30 91 31 38 79 94 21 91 83 81 10 90 48 
17 14 0 33 54 44 46 43 6 88 23 18 63 46 54 39 38 62 69 29 45 59 60 39 81 52 22 14 14 13 63 83 79 15 68 33 11 15 28 17 55 51 87 71 50 93 10 88 55 31 70 0 43 30 39 24 34 14 90 48 79 5 31 58 20 0 44 31 67 24 0 74 28 39 45 78 32 7 18 39 39 40 39 82 23 31 58 57 97 48 58 76 54 89 86 26 41 30 10 60 7 62 35 35 2 80 13 86 88 83 26 79 24 17 13 47 0 71 56 97 71 14 73 77 56 12 4 49 42 14 
10 1 76 97 36 30 29 1 17 69 85 95 48 61 64 61 60 65 84 68 14 56 83 88 33 91 0 89 40 94 3 2 48 32 99 84 14 29 86 83 50 23 78 99 36 95 12 96 60 49 64 26 5 99 66 90 90 18 80 31 13 35 85 13 19 37 0 34 66 35 17 68 10 48 67 46 43 32 42 55 81 59 81 38 58 48 80 1 66 12 84 31 48 69 44 19 6 94 53 24 29 23 93 40 71 12 86 66 44 81 21 77 92 54 67 50 2 48 51 69 60 35 52 60 57 97 80 63 43 85 
40 72 8 33 64 31 45 3 97 42 84 70 71 28 25 39 78 27 87 82 48 99 69 53 12 26 50 44 42 45 29 34 17 90 67 34 21 64 37 19 58 73 89 30 1 66 69 31 94 8 13 94 7 35 47 71 13 49 15 7 94 45 41 64 35 8 98 0 25 87 79 83 60 21 13 13 87 82 44 81 42 10 28 2 97 75 73 10 25 89 18 19 86 11 83 73 72 33 81 97 20 61 32 32 34 46 45 21 80 90 55 23 52 83 25 49 58 50 11 83 91 29 55 77 93 90 2 65 24 84 
62 96 97 94 29 31 92 74 52 73 16 59 48 20 42 25 69 1 75 81 36 19 62 91 96 55 34 99 20 10 35 34 6 84 81 87 67 25 14 71 98 30 31 98 51 73 75 72 74 3 53 63 22 68 6 18 75 40 69 96 2 56 82 61 92 15 48 59 0 62 31 91 93 62 90 96 87 65 68 14 68 74 77 90 94 83 61 69 76 82 17 78 91 0 39 83 15 40 43 56 2 26 48 47 40 90 95 27 7 16 41 76 90 70 18 36 6 31 5 82 14 23 12 5 75 4 88 42 44 83 
99 46 9 99 46 1 41 41 29 48 57 22 76 99 45 95 35 51 26 41 85 92 16 49 49 91 53 90 33 97 73 84 96 35 35 42 36 76 83 17 77 93 92 53 92 37 0 28 40 27 21 25 71 37 74 21 80 80 11 65 77 36 2 25 23 37 19 60 66 0 29 43 48 73 48 40 10 49 20 50 76 41 27 99 30 54 20 62 34 83 28 63 20 82 89 43 19 8 55 37 63 37 32 11 10 81 4 73 30 24 75 58 18 3 57 0 9 30 15 43 13 95 6 85 77 47 81 48 56 88 
86 71 25 18 35 88 51 39 61 81 15 36 39 85 91 49 38 0 79 53 43 92 48 2 30 77 49 11 25 57 99 63 29 25 34 16 13 85 7 26 67 22 62 58 60 54 59 98 6 38 3 50 83 3 4 13 80 53 76 5 63 75 69 44 52 3 60 17 40 67 0 59 41 58 18 53 64 77 3 70 68 6 20 3 9 24 16 89 30 92 47 93 19 68 89 72 71 49 89 63 68 85 23 61 43 93 15 7 22 18 77 90 25 50 93 86 26 61 28 56 5 75 1 25 43 42 49 66 91 90 
29 11 75 4 73 70 97 40 77 20 58 7 62 35 57 56 74 83 69 2 92 27 29 45 4 72 88 53 90 79 43 71 43 71 28 16 41 25 8 19 45 66 26 8 54 35 16 28 18 37 30 10 64 59 56 68 83 44 21 25 75 17 48 70 88 76 38 81 2 46 0 0 13 78 59 67 13 75 47 84 13 77 46 77 88 54 98 23 98 19 48 26 88 48 96 28 25 35 10 79 33 62 78 46 41 38 65 6 65 64 42 30 41 89 60 81 43 58 4 94 77 4 72 18 5 20 46 30 7 56 
9 41 19 39 39 12 29 57 70 47 21 13 77 63 54 37 96 97 95 53 43 25 9 15 43 14 36 41 44 43 98 5 84 69 97 76 33 78 33 3 25 54 68 3 17 22 40 66 20 36 19 15 13 28 31 56 43 67 97 39 62 47 97 99 68 46 75 1 24 8 57 50 0 25 53 32 48 45 98 20 33 69 35 46 49 18 2 44 37 52 36 0 51 33 99 20 79 26 21 55 34 78 5 48 56 10 80 4 56 30 76 89 51 63 36 1 82 90 97 19 94 33 19 46 18 70 66 49 48 39 
5 82 70 10 83 26 21 63 82 77 46 10 18 49 73 54 50 55 97 0 75 91 33 46 37 52 69 55 53 17 47 58 52 17 69 35 95 42 50 29 71 48 39 89 98 12 96 0 20 93 0 47 84 86 93 74 38 14 81 91 32 28 2 36 97 23 71 92 65 73 73 88 22 0 77 72 77 25 72 97 18 73 44 55 11 89 81 1 4 62 44 36 91 46 72 88 69 95 33 86 20 6 74 42 71 52 14 48 29 39 97 48 64 93 55 75 82 36 76 38 98 20 26 41 67 50 82 88 45 15 
75 66 73 49 60 44 53 27 44 83 18 93 83 82 38 38 57 21 26 85 11 76 5 38 18 24 88 0 13 86 67 88 4 40 89 64 37 43 43 33 26 61 27 61 43 65 99 52 38 77 37 50 53 95 40 71 19 28 23 84 14 90 24 18 31 14 35 20 57 30 53 35 92 32 0 87 50 47 40 40 76 29 42 29 76 82 1 96 63 24 32 77 67 57 48 98 71 35 70 80 65 75 67 9 8 15 97 10 14 89 2 90 70 45 19 47 79 72 95 42 49 27 72 16 36 20 66 59 7 36 
39 72 11 58 82 71 73 31 33 87 20 36 77 42 81 97 89 12 21 84 55 70 64 27 86 0 99 52 60 6 40 99 30 4 10 64 75 83 47 9 71 67 97 0 62 30 49 51 42 71 88 97 41 52 76 80 52 27 84 12 33 25 64 16 29 74 80 56 9 28 65 32 47 14 33 0 44 34 13 87 5 1 36 99 53 13 79 57 40 63 22 26 40 86 94 69 12 26 26 21 6 43 54 6 58 39 67 2 73 80 41 31 33 78 30 38 43 61 48 35 76 70 61 17 56 7 86 20 34 64 
93 40 60 47 46 18 38 14 72 12 46 14 95 32 92 25 22 35 38 70 70 14 40 84 83 48 91 70 68 77 86 62 18 46 61 16 64 52 82 89 64 81 3 59 13 95 36 35 82 26 58 52 40 98 88 24 99 32 46 19 9 84 81 79 31 95 96 47 47 78 36 63 11 39 74 24 0 62 12 68 88 22 73 80 20 13 4 19 45 2 39 55 87 72 86 70 19 82 69 18 13 58 81 24 49 7 1 36 69 65 56 9 87 29 90 59 43 94 31 40 49 22 47 88 94 34 58 66 68 79 
84 81 37 18 58 87 77 11 75 99 28 31 8 15 13 98 74 8 93 57 48 94 79 96 82 26 82 40 92 50 71 28 84 9 98 42 48 76 5 23 75 33 6 83 48 19 34 74 27 27 32 28 73 63 76 55 89 58 47 33 8 18 62 92 79 60 86 27 88 91 50 15 24 57 51 24 76 0 51 56 64 35 36 37 98 12 92 88 70 91 73 30 61 35 23 41 48 61 68 36 53 19 4 29 28 55 54 56 40 57 12 4 92 0 41 42 12 85 82 34 28 56 65 89 91 40 30 91 1 51 
28 54 22 84 36 50 39 42 6 79 99 71 35 91 71 28 85 36 65 68 70 93 24 35 34 15 75 17 59 29 68 87 83 90 23 71 92 62 13 98 93 12 69 28 55 93 56 41 29 73 9 99 66 33 87 52 0 14 21 59 43 89 98 79 31 21 50 23 35 64 74 28 28 95 56 84 88 64 0 69 37 86 21 55 71 8 60 23 22 81 35 18 23 85 97 54 59 47 30 94 63 4 23 92 51 31 28 40 48 5 61 37 43 82 45 66 42 5 41 65 86 28 35 9 14 32 16 25 31 98 
71 95 2 46 39 5 78 19 45 78 76 59 15 71 41 60 89 84 65 30 1 4 11 36 65 77 20 33 2 51 31 73 98 85 20 89 91 50 8 88 28 36 47 95 7 41 56 48 25 73 79 78 29 42 14 47 19 34 80 73 37 12 46 36 97 18 25 40 68 86 29 48 22 28 44 82 69 52 30 0 77 61 72 7 55 38 54 74 24 34 47 62 98 46 50 48 64 27 88 85 65 69 33 40 98 29 22 67 81 4 14 11 18 38 18 73 29 24 48 53 10 47 67 61 93 69 9 58 97 49 
95 62 71 28 2 69 58 76 88 91 33 2 2 51 93 72 24 22 48 24 75 59 72 95 20 17 64 81 75 13 82 70 28 53 51 82 74 61 11 63 4 44 17 59 95 10 31 71 32 80 96 60 91 20 7 63 37 23 44 13 89 26 35 17 80 38 51 54 99 62 69 56 6 87 15 1 49 46 25 34 0 21 46 69 41 53 32 78 76 28 43 65 7 31 34 87 69 86 93 21 48 15 77 7 2 92 60 3 90 85 37 21 6 83 42 99 36 27 78 65 55 73 82 62 4 69 1 26 55 47 
99 55 62 76 62 16 20 75 19 62 60 9 83 19 92 78 18 81 5 48 98 60 22 80 75 78 1 28 4 56 75 3 64 89 31 78 5 3 53 77 66 66 86 1 85 78 79 3 59 84 52 9 97 26 90 24 4 91 52 9 0 28 64 16 17 96 94 75 99 0 52 17 66 38 19 3 68 50 6 80 87 0 89 84 36 31 60 41 75 12 2 27 92 66 43 62 62 89 37 62 89 41 79 7 31 50 10 99 1 69 79 40 79 69 76 68 52 36 9 27 48 63 54 93 29 97 55 44 39 44 
6 80 37 37 40 68 40 50 67 93 71 99 33 3 20 9 71 72 45 32 0 45 95 6 90 76 56 97 20 95 41 78 75 30 68 15 98 8 18 18 1 89 17 86 92 37 47 15 9 44 47 61 89 94 68 32 71 24 29 91 71 23 22 46 53 90 14 4 98 84 22 51 73 91 89 18 28 36 85 89 80 85 0 21 79 23 53 2 47 35 46 70 58 68 16 11 58 82 15 8 66 89 11 92 80 0 62 60 88 47 2 20 32 5 41 12 28 47 66 27 82 12 97 40 80 65 3 90 48 71 
98 66 60 61 58 93 13 20 53 1 68 55 21 52 60 15 16 40 62 83 67 96 95 16 36 28 82 91 18 82 62 69 48 75 82 7 68 96 79 21 49 99 29 23 52 89 38 20 82 52 3 1 48 51 18 36 31 0 79 1 82 42 70 82 17 5 41 85 1 21 58 2 20 87 25 24 29 15 45 11 19 0 12 0 51 30 55 82 82 35 84 16 29 6 99 98 11 40 83 64 61 93 19 34 81 44 10 62 12 55 73 31 56 37 51 59 20 58 42 2 45 78 19 74 84 70 72 48 10 7 
12 24 53 31 10 34 28 20 48 40 76 21 23 84 10 74 43 30 33 37 33 30 15 4 5 0 74 29 48 36 89 12 12 42 96 22 28 76 43 76 16 71 49 39 55 59 66 50 90 51 88 75 81 55 31 38 7 57 20 7 45 9 20 58 3 68 80 83 44 23 59 12 94 8 3 1 19 69 4 61 72 44 88 54 0 19 44 7 76 16 14 22 77 86 32 80 6 12 63 50 36 74 14 82 34 18 36 54 39 40 15 12 36 4 18 35 75 62 94 4 31 61 78 8 99 10 89 6 22 4 
56 10 79 71 93 13 41 29 19 80 21 87 92 57 91 62 44 18 77 39 22 8 0 0 16 99 62 5 57 85 62 14 95 93 37 40 6 30 69 78 10 42 65 55 99 8 17 44 26 94 35 1 2 35 53 19 86 16 76 44 1 90 10 48 83 99 89 42 29 10 20 91 53 37 46 52 45 64 48 23 10 83 24 13 18 0 84 57 46 12 53 47 3 15 47 38 14 36 80 95 47 52 86 0 89 85 4 34 49 53 10 11 36 86 24 7 16 60 64 62 25 69 61 28 84 9 66 50 45 99 
45 92 51 31 44 41 68 49 27 17 2 37 29 38 76 5 45 92 18 61 55 43 30 16 23 66 25 41 16 23 40 61 67 92 45 12 85 13 13 12 83 15 2 64 5 78 21 3 70 39 64 77 82 47 94 5 13 71 99 82 94 39 43 14 83 40 78 68 54 91 33 37 58 35 53 63 65 74 66 87 14 83 65 48 82 59 0 47 82 5 29 29 44 73 43 80 13 21 48 19 64 33 8 22 68 61 85 85 36 4 73 2 39 38 50 73 49 8 20 83 13 50 12 10 75 7 90 40 80 90 
12 44 24 20 18 44 82 56 30 70 12 55 24 51 93 74 24 94 83 96 77 48 46 42 58 73 49 0 66 82 43 78 78 67 98 97 63 32 53 45 54 65 0 78 68 45 5 44 39 88 40 69 88 87 11 99 12 12 99 78 46 94 56 25 61 7 74 77 91 79 22 46 44 23 24 64 68 81 8 60 69 48 81 10 87 44 9 0 8 60 30 55 55 39 32 68 98 6 45 89 85 20 35 81 43 12 45 63 45 53 75 67 53 56 77 41 0 86 93 61 98 75 16 5 14 48 74 12 6 71 
54 91 91 89 24 86 53 69 50 99 74 77 66 27 34 95 20 86 33 65 47 31 41 15 37 7 15 63 20 73 34 74 64 78 15 40 64 21 61 14 72 35 92 90 15 78 37 87 16 70 53 16 1 46 31 90 53 99 53 25 72 40 51 89 18 19 29 82 92 91 49 64 78 93 6 45 71 43 33 39 13 38 55 66 84 39 9 89 0 14 15 62 54 66 3 72 37 85 7 29 28 56 45 6 49 51 52 72 46 37 63 11 75 19 30 11 10 39 0 0 53 67 14 60 34 18 32 23 3 91 
53 31 99 98 89 0 2 41 72 48 30 88 60 5 7 90 68 69 29 69 69 34 36 83 94 22 53 79 46 56 70 99 87 22 49 77 22 51 70 47 0 1 35 12 58 94 2 27 63 83 48 84 69 84 67 64 59 21 95 5 29 17 56 69 39 57 98 62 9 20 9 61 21 44 73 32 38 75 11 53 10 59 37 79 95 56 95 54 29 0 11 59 60 19 80 99 77 78 61 38 98 22 99 72 18 72 56 8 99 67 61 61 78 50 92 73 7 88 80 88 30 43 99 90 15 79 42 44 57 55 
82 8 78 33 80 96 57 36 5 8 55 18 69 33 69 61 58 28 1 90 16 84 86 16 26 1 95 68 45 5 24 79 13 2 12 45 50 69 33 7 29 40 26 98 73 47 11 83 75 65 26 43 49 12 59 75 13 7 44 10 12 20 41 77 74 5 74 24 26 7 84 55 47 10 53 72 9 16 7 84 81 33 27 30 97 39 58 62 46 2 0 10 74 65 87 48 70 13 72 96 20 8 3 19 18 8 43 79 25 2 63 6 88 43 89 85 82 99 48 80 53 72 90 27 38 29 75 60 42 99 
9 14 8 12 85 78 21 80 58 46 82 73 4 70 16 45 56 50 44 56 30 97 28 72 24 18 53 51 79 95 51 88 61 59 52 46 37 73 26 47 71 61 21 28 83 89 73 39 40 70 47 22 19 76 47 96 94 0 47 25 48 98 13 9 9 66 8 99 91 86 46 63 47 19 43 31 9 16 22 1 38 70 23 58 98 22 54 92 23 53 18 0 52 83 32 13 1 40 12 93 27 11 8 26 82 51 57 91 19 32 92 10 2 68 68 52 90 74 44 65 27 14 36 31 98 69 97 51 61 9 
44 88 72 4 15 55 7 24 98 79 56 91 89 10 11 9 62 53 35 59 19 14 73 7 46 23 76 43 75 90 4 71 78 29 28 45 36 35 70 34 66 26 77 7 89 88 68 3 42 3 62 13 18 88 20 16 11 97 11 38 87 67 10 17 48 38 63 84 25 33 19 44 11 48 51 52 89 20 56 31 75 18 44 45 6 64 13 70 13 24 8 52 0 70 22 92 8 37 29 86 70 0 30 33 48 33 38 37 5 94 20 81 64 16 26 23 33 92 93 98 68 53 3 12 24 25 57 84 62 86 
70 84 86 52 69 86 38 7 76 43 53 96 24 18 65 3 41 98 95 86 96 63 39 51 28 63 76 85 48 90 23 70 26 61 75 96 47 13 55 75 8 9 72 33 79 89 88 72 87 35 10 35 50 49 87 78 65 15 15 65 58 38 87 84 51 62 32 99 27 40 26 36 1 98 21 80 39 61 4 26 96 14 14 46 15 53 77 80 20 92 97 78 31 0 15 82 99 99 33 27 39 60 15 40 10 36 72 50 97 28 28 45 94 94 91 10 47 68 42 68 13 40 98 44 77 13 78 76 13 64 
3 4 76 70 97 38 6 21 40 55 50 21 0 44 15 44 6 63 64 49 83 77 41 81 73 18 47 4 94 12 20 50 16 96 20 65 34 79 87 27 86 89 48 39 85 63 83 92 78 99 93 13 29 34 47 54 4 94 58 98 58 78 0 26 74 73 92 61 4 31 40 90 20 88 29 57 3 64 1 82 64 94 47 45 28 94 99 32 40 58 83 98 88 35 0 15 8 17 28 64 0 68 55 20 56 36 29 11 1 31 45 17 25 93 62 6 87 13 90 28 71 25 78 12 61 3 27 21 72 55 
86 72 75 93 44 83 29 74 94 30 5 40 99 30 33 13 88 72 27 79 0 50 4 79 62 17 34 41 39 7 48 77 79 23 70 24 6 51 98 1 34 55 41 33 37 26 47 26 98 74 57 51 76 13 30 39 83 16 32 74 23 81 51 55 4 73 79 63 24 29 16 58 84 9 44 21 35 91 99 33 17 8 84 93 22 66 84 5 83 17 79 58 98 82 13 0 55 92 69 31 73 85 42 9 94 86 83 29 29 82 15 46 43 51 91 65 18 76 22 53 45 53 11 95 35 77 49 42 69 19 
25 95 56 67 4 51 5 87 80 34 22 47 32 65 99 24 30 69 52 4 22 97 9 85 44 96 62 93 90 84 64 15 31 73 35 35 24 92 23 56 27 45 4 11 62 55 35 44 24 39 48 98 36 57 35 80 53 50 26 43 86 42 10 17 15 97 52 91 90 27 48 69 24 4 80 86 59 16 30 35 55 30 33 44 87 20 76 92 70 54 87 56 49 50 73 16 0 26 60 37 53 8 6 30 64 87 16 75 55 47 10 62 77 95 58 17 15 87 61 38 41 49 94 42 51 68 11 98 46 71 
88 51 31 46 81 95 33 98 22 40 97 32 3 26 79 13 43 94 0 5 32 94 6 79 36 57 99 47 7 45 70 95 48 1 42 82 96 27 32 70 20 29 2 23 7 81 88 51 28 89 8 12 83 66 91 71 75 42 71 82 87 41 30 88 43 72 22 91 51 54 62 71 35 16 46 42 50 35 45 78 24 53 42 59 19 86 30 94 28 1 29 68 95 59 56 38 83 0 29 34 84 43 58 19 60 4 13 62 91 59 40 67 12 34 26 84 20 9 78 1 62 59 69 57 18 77 95 1 7 77 
88 43 72 46 62 84 50 27 46 42 86 38 9 99 73 88 35 45 97 65 46 11 25 67 69 43 96 16 97 55 93 85 98 18 31 12 2 33 40 49 27 26 87 89 77 60 77 12 58 26 78 56 37 3 24 6 98 72 23 95 28 68 80 26 86 11 39 41 45 79 90 72 5 77 61 83 38 90 95 48 16 25 4 6 28 80 64 79 53 39 74 81 60 55 7 98 18 98 0 15 77 29 40 35 7 53 18 97 44 65 45 12 91 1 70 71 82 35 2 35 26 77 68 86 84 27 85 54 26 24 
70 55 6 62 90 13 15 60 62 11 26 59 76 69 60 98 92 42 85 95 29 12 24 97 98 8 25 35 14 3 12 84 58 18 98 49 83 14 9 97 77 87 56 5 8 16 4 1 11 89 48 92 1 24 42 52 84 19 39 98 22 3 35 80 21 33 81 56 99 91 53 77 30 61 34 39 30 38 92 93 28 92 85 81 16 27 85 0 46 25 98 20 28 85 53 2 19 34 10 0 77 16 47 8 77 82 99 7 20 91 52 0 83 38 34 51 17 19 3 16 96 53 36 77 39 89 31 58 76 41 
28 53 9 76 61 87 10 12 46 82 3 99 83 38 89 69 41 58 88 44 74 37 98 11 66 37 52 97 95 28 90 23 34 0 51 47 39 61 60 37 44 63 88 79 54 77 48 95 36 88 92 62 77 90 25 43 27 78 40 74 58 31 49 92 83 53 40 22 14 0 11 10 15 0 89 21 77 89 69 65 30 61 28 7 51 5 51 30 83 43 4 94 74 5 86 9 58 78 83 25 0 95 35 98 95 77 19 24 18 88 42 48 49 22 56 52 27 7 82 63 50 38 57 77 44 95 38 54 74 22 
79 56 17 67 54 64 96 74 88 14 14 30 63 64 52 71 16 32 30 51 95 32 89 52 61 85 47 0 40 73 22 71 82 91 38 36 55 34 62 95 1 77 78 64 93 82 35 9 14 65 60 9 97 2 13 59 87 61 11 79 86 85 51 20 28 41 57 35 76 71 30 29 48 60 93 41 43 80 3 57 97 15 19 46 69 32 57 57 45 68 88 84 53 39 4 33 81 13 68 9 85 0 38 85 11 83 79 54 63 82 64 12 49 83 58 19 15 16 28 61 36 16 45 42 56 49 75 89 15 44 
50 0 95 88 85 6 23 64 61 38 98 25 50 0 8 8 19 75 76 99 36 13 15 33 55 23 35 82 64 50 26 14 50 73 54 87 80 77 4 93 15 2 70 17 2 30 78 73 5 54 72 94 19 40 27 26 63 14 9 80 64 87 94 66 61 1 6 41 30 10 86 98 64 56 15 19 86 93 44 43 48 69 37 19 9 17 46 24 83 55 4 0 42 51 66 3 52 24 96 82 34 34 0 51 90 48 22 28 93 66 24 41 35 13 13 44 82 59 21 66 14 77 66 8 28 84 12 32 9 60 
67 95 95 99 98 37 47 20 18 41 87 42 34 22 55 47 19 38 58 92 56 72 69 22 81 98 58 45 30 19 57 97 67 4 49 65 42 96 86 60 89 73 2 76 47 9 75 18 47 34 10 3 58 80 77 91 30 88 88 12 7 46 62 74 50 11 40 44 7 78 4 49 3 58 77 2 20 4 21 67 38 83 23 49 15 52 40 45 40 81 58 0 79 20 74 81 31 66 26 90 96 82 91 0 93 20 2 13 25 75 32 15 58 7 64 74 60 57 71 52 38 81 4 17 53 31 98 36 97 76 
79 94 59 22 45 52 43 47 17 68 22 49 83 33 57 48 59 69 57 30 21 95 64 26 64 17 57 14 54 6 91 85 52 2 7 98 6 50 97 23 18 20 24 54 5 81 54 64 50 11 94 24 58 10 2 74 28 11 40 34 69 83 19 22 85 26 72 43 77 69 18 47 41 43 53 46 24 7 62 27 70 9 3 28 19 5 54 47 16 95 81 85 78 52 59 16 79 31 59 8 53 78 7 46 0 61 45 49 20 7 76 91 16 79 71 36 36 78 35 52 73 69 90 3 21 1 19 52 85 31 
60 38 9 20 36 34 33 81 83 53 89 60 96 57 91 20 93 28 98 29 32 71 98 74 26 71 76 46 24 61 77 36 51 38 56 87 72 89 69 55 95 10 67 91 67 11 11 13 39 61 94 23 84 44 98 11 15 74 57 39 35 34 76 86 24 84 25 96 74 46 3 21 56 23 12 76 34 76 89 73 89 35 96 74 79 46 85 94 20 94 86 7 80 14 45 4 98 71 52 24 17 55 45 26 30 0 2 64 38 43 89 27 78 38 53 9 84 38 55 5 32 41 64 64 7 10 68 6 81 20 
82 50 28 28 76 10 90 30 75 28 25 16 7 55 54 61 64 39 51 20 96 36 13 60 0 21 22 21 79 55 93 61 6 73 89 34 84 31 17 59 59 42 75 19 98 82 32 14 73 35 34 21 71 48 81 24 21 56 45 0 11 38 61 69 12 3 4 48 34 73 59 46 15 34 65 65 68 49 80 41 84 66 62 56 66 96 32 87 52 29 87 15 19 49 85 83 52 41 31 86 14 90 32 81 77 49 0 45 98 79 39 83 97 1 91 64 49 75 51 53 4 91 69 23 40 6 7 44 47 38 
30 61 29 15 94 58 64 93 3 15 24 42 50 22 96 41 86 97 16 89 3 72 80 72 95 72 30 2 16 77 93 99 90 74 14 84 32 30 78 87 97 2 82 47 76 30 40 14 27 56 4 30 80 36 54 76 9 84 30 25 13 75 76 3 49 42 88 33 73 18 21 70 20 3 70 49 85 10 63 12 19 19 95 99 56 1 27 17 38 58 94 51 33 71 55 35 13 43 68 38 61 89 61 33 44 31 82 0 41 98 46 60 17 41 12 25 94 39 42 32 97 37 84 83 8 39 18 21 34 86 
60 47 28 21 80 24 52 15 6 45 65 52 58 82 45 70 8 39 9 2 72 59 39 8 94 47 47 12 21 81 50 81 28 30 54 60 7 58 27 13 55 44 17 13 27 62 35 87 53 45 89 77 56 81 85 50 28 84 14 49 17 64 82 97 47 88 10 54 46 89 19 2 34 36 67 61 50 3 0 55 0 41 33 56 22 70 58 3 7 72 4 24 88 87 22 87 75 84 41 74 73 60 28 7 48 95 20 98 0 20 54 50 14 39 58 88 61 16 91 68 40 96 45 81 35 67 68 62 3 62 
36 76 22 64 84 71 12 56 21 62 29 75 13 43 66 71 31 28 40 23 48 32 71 93 65 6 12 34 68 15 96 57 44 70 21 28 41 85 84 63 48 65 90 61 8 9 84 92 89 24 67 37 9 38 83 74 96 95 60 64 11 56 21 7 79 95 35 20 80 71 35 28 37 78 41 97 39 26 89 28 2 8 17 63 46 0 38 42 96 98 59 59 7 32 66 86 79 53 58 60 76 46 40 65 24 34 15 15 60 0 43 14 65 60 78 11 13 68 6 9 18 17 20 25 49 38 11 29 91 22 
41 19 68 33 37 44 67 52 59 79 8 54 46 73 66 76 37 79 44 95 40 62 12 60 40 13 98 3 94 41 25 87 13 93 21 50 89 40 54 0 20 62 54 66 88 21 42 25 52 38 72 93 0 84 5 40 49 56 96 96 49 21 83 62 67 56 64 56 97 18 9 17 81 63 35 21 36 29 98 41 67 70 34 19 6 91 12 55 47 8 51 97 29 87 11 96 43 76 5 40 46 14 9 79 29 44 0 18 73 98 0 40 68 45 12 74 36 24 82 84 32 85 33 61 72 96 10 68 72 67 
8 71 33 18 50 14 14 51 32 40 1 91 80 22 36 44 48 73 68 30 9 0 68 94 62 92 90 24 60 15 91 21 86 76 39 36 90 5 39 23 45 41 66 78 63 55 22 11 28 91 94 89 91 62 83 5 6 73 81 67 88 24 88 26 0 79 63 91 84 2 66 82 95 32 60 10 87 34 22 67 77 68 8 69 82 91 26 88 17 60 55 57 84 95 84 85 74 99 28 11 1 94 93 49 78 5 59 18 91 33 37 0 1 46 90 35 89 68 24 58 28 31 16 13 27 52 50 1 51 78 
64 4 24 9 53 54 66 65 24 58 98 62 27 52 60 69 87 49 37 63 60 66 95 76 31 22 28 81 75 31 11 40 35 87 1 89 41 68 6 18 78 4 80 57 8 40 26 48 41 15 11 1 81 6 29 64 80 9 97 56 40 60 48 28 47 49 17 41 69 75 59 47 79 91 56 40 31 82 88 24 98 51 26 31 58 7 96 90 69 45 46 9 6 46 37 53 48 6 46 17 81 5 17 13 96 73 53 79 8 93 4 58 0 82 89 54 41 37 45 10 83 43 72 41 42 9 46 90 68 93 
59 1 50 28 14 99 2 19 78 62 64 34 20 9 68 9 15 62 99 12 72 34 56 44 75 50 6 21 40 26 14 51 27 17 80 94 16 34 13 46 96 78 81 16 39 1 77 6 63 28 19 88 62 27 32 89 77 90 63 17 16 29 20 44 46 0 38 62 86 3 9 82 33 42 50 24 95 80 31 59 60 50 47 23 77 31 64 54 74 27 23 90 57 43 86 3 96 76 18 82 32 79 17 17 21 19 42 16 99 25 27 60 75 0 35 4 10 51 10 84 79 85 26 36 80 13 91 28 41 9 
11 73 40 80 91 61 99 85 30 51 10 57 11 37 84 98 93 46 49 3 30 80 40 56 16 20 21 60 49 63 21 12 88 62 92 31 75 91 68 5 42 78 15 5 67 51 55 60 97 5 15 27 37 55 35 6 76 57 66 77 72 39 89 12 1 81 44 29 24 64 34 19 95 1 76 62 52 32 23 49 89 38 28 26 94 64 32 22 21 50 99 45 90 88 57 43 21 53 24 97 18 59 16 13 12 93 75 65 77 50 66 18 89 95 0 35 59 29 57 32 31 8 77 73 48 34 17 69 88 41 
66 6 52 35 71 65 80 46 82 9 97 48 27 38 43 23 25 54 4 34 86 88 42 63 61 42 50 30 11 90 72 29 48 76 16 19 93 48 17 27 57 66 76 36 4 71 60 81 26 16 15 64 4 9 80 66 51 30 96 14 20 20 96 20 49 64 39 94 13 56 22 70 23 50 59 79 21 19 61 99 87 28 64 44 90 44 10 41 74 58 8 46 31 56 18 80 20 57 26 85 65 48 8 88 98 67 20 72 38 33 71 25 61 35 69 0 79 31 45 5 90 5 3 73 61 21 53 81 30 79 
19 96 80 27 36 30 94 8 2 32 41 74 9 55 9 79 6 41 62 3 46 4 8 2 77 21 23 30 55 54 62 74 2 94 1 38 24 95 99 27 79 40 1 88 95 62 19 54 3 82 57 50 86 18 52 64 39 27 46 94 33 60 68 87 54 21 26 79 68 77 58 47 17 59 36 13 21 7 19 25 89 28 27 76 46 31 92 38 10 90 84 44 51 53 31 57 26 9 88 95 86 46 42 56 57 30 69 31 38 40 8 79 68 35 7 15 0 99 5 28 90 89 24 93 94 8 50 21 17 39 
16 56 37 10 12 95 93 33 26 31 25 34 62 93 21 70 60 91 21 65 19 63 55 96 56 1 4 59 22 73 50 90 81 87 53 45 82 46 30 60 77 55 46 91 49 19 61 9 10 83 27 82 46 34 78 55 35 34 14 10 7 64 52 89 3 5 86 38 51 17 98 80 72 97 72 21 16 33 83 27 68 10 9 67 96 39 22 31 73 88 93 32 4 46 73 7 51 60 45 55 77 96 35 1 93 59 75 9 45 58 88 13 20 49 32 16 40 0 99 13 42 93 46 98 39 71 6 42 31 51 
97 60 99 85 62 92 44 37 54 41 47 94 7 67 96 39 35 36 94 34 50 88 27 48 87 66 19 45 9 3 48 58 63 48 43 77 92 40 14 98 81 13 93 88 80 89 28 15 77 74 2 27 14 29 27 1 48 99 98 57 2 47 67 17 95 11 95 39 51 61 38 84 75 83 73 55 24 1 23 1 75 25 81 41 6 8 95 54 59 93 63 61 40 31 79 87 94 74 27 45 87 17 29 62 0 54 70 76 55 45 77 82 22 10 24 28 19 19 0 30 64 98 92 5 29 23 44 23 49 23 
20 36 40 2 99 92 56 69 68 64 66 98 98 88 8 74 16 79 45 51 10 10 50 54 67 79 77 63 55 26 87 75 14 79 29 13 24 38 34 44 2 52 42 52 40 3 27 9 34 24 60 96 34 10 50 53 42 79 17 49 57 4 76 72 35 6 37 59 44 24 4 98 76 98 50 69 1 29 78 88 54 38 84 40 1 87 46 95 66 63 44 76 19 72 0 54 78 37 14 74 13 70 24 42 68 27 11 22 8 89 10 14 79 46 55 32 33 1 79 0 16 75 28 35 48 28 89 26 17 55 
53 83 77 29 25 98 56 36 20 65 77 82 79 8 28 86 93 14 39 72 18 55 48 46 90 96 26 32 74 95 39 79 78 17 9 3 67 65 91 87 82 20 21 62 29 1 0 74 15 40 46 33 95 46 31 38 42 9 22 69 5 61 48 83 30 57 87 97 75 78 36 57 51 57 71 32 59 24 6 26 64 4 12 11 51 95 1 93 5 23 14 10 37 63 93 19 72 32 69 99 63 5 9 14 15 32 46 26 56 4 4 72 8 16 36 59 64 37 5 69 0 19 31 2 34 76 21 59 61 90 
58 24 48 19 90 15 52 88 41 60 92 45 33 52 14 21 12 30 10 69 99 23 40 82 25 75 58 99 86 19 89 96 95 89 16 37 4 68 25 45 28 69 43 13 22 9 34 86 39 45 55 90 20 95 72 46 22 82 45 8 54 86 5 1 28 73 39 32 41 64 30 21 86 73 35 8 34 21 46 25 18 1 15 39 48 39 37 23 21 34 83 27 72 40 29 0 13 68 33 54 84 63 28 70 88 15 30 74 36 76 99 55 29 66 46 30 5 35 53 78 69 0 6 41 29 35 42 42 55 27 
49 39 90 77 62 30 92 92 4 80 21 55 87 2 21 33 32 26 68 37 4 89 26 62 31 55 97 25 97 4 52 46 44 94 23 58 76 67 50 80 48 23 87 35 26 8 69 58 86 89 48 42 79 74 5 62 29 54 87 26 59 39 25 55 85 0 13 61 68 15 93 16 39 80 3 17 40 24 27 26 14 75 68 45 49 25 7 78 80 46 57 91 85 82 98 22 82 11 83 2 78 28 70 69 8 74 86 0 98 14 26 64 41 46 9 91 24 68 21 56 14 78 0 51 12 97 73 47 8 8 
49 38 36 20 8 44 46 46 44 44 12 22 61 54 21 70 97 45 91 18 1 5 49 0 57 61 97 82 60 57 91 10 95 27 82 55 24 28 2 20 24 14 95 85 68 16 8 65 13 99 36 66 56 85 66 65 98 15 48 59 24 91 21 71 70 55 27 46 35 29 19 59 43 14 97 64 82 57 81 47 56 17 13 64 54 31 30 5 46 30 64 22 73 37 93 43 92 20 90 79 1 61 38 97 75 87 61 9 44 94 56 52 64 21 17 18 52 99 75 50 29 39 72 0 28 65 97 72 38 39 
51 39 0 42 88 27 29 1 88 74 96 44 78 60 65 95 30 69 94 6 19 75 97 43 29 78 61 79 50 99 18 54 90 71 48 79 50 77 80 39 3 28 35 82 40 53 29 23 22 76 81 94 51 30 37 33 8 98 12 11 49 82 17 40 53 65 71 56 42 3 95 98 32 30 32 24 83 61 47 6 37 28 52 41 11 89 74 19 88 38 82 89 72 99 29 78 64 52 34 59 56 29 57 40 59 89 64 95 2 64 53 40 44 5 81 55 94 7 75 34 45 57 24 69 0 5 47 73 10 81 
84 66 10 41 6 22 82 22 69 85 86 22 77 31 79 10 38 73 17 13 60 14 23 36 83 84 93 31 57 3 12 94 21 75 87 27 49 70 2 18 7 40 40 36 23 19 46 62 44 63 27 56 29 2 44 12 86 38 95 96 93 60 90 15 35 77 94 84 99 96 2 58 37 94 94 12 13 40 74 9 3 2 66 84 56 10 97 43 0 92 39 94 4 29 9 39 58 3 75 58 0 29 16 89 23 63 1 88 3 28 98 59 82 64 43 38 26 92 81 27 37 72 21 41 53 0 81 12 85 8 
22 37 38 90 78 61 53 80 50 57 60 0 68 42 16 11 32 42 4 66 21 41 38 94 82 44 76 15 56 62 24 30 99 14 20 78 27 26 10 29 83 22 29 51 16 45 14 48 40 18 14 61 11 5 56 46 49 84 61 57 46 37 39 98 51 59 28 31 37 38 60 20 12 90 23 28 87 90 76 27 8 43 41 72 48 49 18 49 33 79 6 80 69 45 30 72 56 58 3 94 48 16 66 60 6 42 40 45 32 16 73 92 11 66 64 59 15 82 60 48 14 66 80 35 63 62 0 72 20 63 
18 20 79 84 32 37 26 72 82 10 89 7 3 0 73 67 12 88 2 72 89 68 91 21 3 6 84 62 78 56 25 48 29 56 33 61 93 11 34 28 22 75 35 77 27 9 96 39 49 98 64 90 66 7 12 21 65 48 84 44 56 61 44 85 70 77 47 63 41 81 43 15 56 79 92 35 40 40 27 89 39 43 80 57 50 44 31 15 92 15 11 48 28 56 34 98 85 33 14 26 14 57 93 22 88 37 9 28 78 36 18 69 79 50 26 29 94 9 97 38 76 60 86 5 68 72 55 0 5 69 
32 71 79 26 45 67 63 55 96 41 91 66 62 71 16 89 52 10 50 1 48 27 14 86 32 82 11 87 36 16 9 21 40 40 99 85 7 62 92 55 56 84 21 18 7 37 59 11 99 62 65 47 89 79 86 73 61 97 12 50 65 21 71 5 61 70 43 21 84 35 76 92 19 50 63 78 87 74 90 39 36 7 38 77 86 24 50 99 21 63 49 87 84 72 44 98 94 87 71 31 23 99 75 94 49 90 73 89 65 15 28 53 22 66 31 60 43 81 59 64 96 61 3 81 85 48 31 80 0 2 
63 10 53 38 5 3 29 30 92 46 45 72 51 19 38 34 31 81 68 90 98 64 3 53 97 89 53 28 69 41 82 84 3 36 22 60 91 3 90 83 1 87 55 53 58 45 39 89 27 7 32 77 72 35 30 69 24 84 50 45 77 32 29 80 20 4 41 11 59 83 46 61 23 1 66 81 99 57 23 78 65 55 55 37 90 37 58 67 21 8 12 50 41 94 31 13 50 24 77 9 59 23 22 82 77 40 16 76 98 39 54 15 94 61 52 36 98 10 3 72 71 68 22 64 62 5 77 64 29 0 
