110
0 84 78 89 97 96 80 1 72 42 51 84 10 29 99 97 37 38 14 53 87 45 56 14 46 41 84 54 8 45 38 40 81 68 29 78 17 61 80 41 55 83 25 17 12 76 67 1 15 81 7 54 26 63 20 24 57 5 78 65 2 16 5 83 37 86 61 54 48 93 95 55 76 20 73 41 49 40 42 16 73 49 70 51 13 90 75 70 47 53 87 49 22 93 84 59 79 98 13 79 91 60 35 20 32 60 61 81 0 3 
97 0 5 19 76 18 62 51 40 9 4 27 11 78 72 47 37 4 45 2 35 89 62 70 61 95 30 22 28 82 77 26 7 82 97 83 52 59 86 92 69 43 72 32 21 44 79 11 48 77 13 84 66 28 6 27 75 89 1 3 71 78 81 31 13 79 66 65 90 5 10 59 48 82 43 21 26 23 32 27 0 98 63 18 78 21 97 53 10 98 8 34 28 42 17 41 73 35 59 63 40 69 75 88 51 18 10 29 93 94 
8 93 0 23 63 70 45 60 75 7 58 84 93 39 78 62 32 51 98 91 14 38 12 89 79 15 60 89 97 53 35 5 99 28 81 62 50 26 23 78 85 33 14 31 72 92 93 57 43 91 48 9 30 13 51 61 28 11 50 25 64 85 83 15 65 64 78 68 42 53 46 79 86 60 10 11 4 4 68 47 47 68 8 29 81 59 90 62 22 92 87 39 30 22 54 47 86 32 15 80 85 13 60 24 73 70 87 29 26 55 
28 74 75 0 55 57 48 46 71 71 90 10 62 20 33 16 68 19 1 83 52 86 49 12 62 74 82 49 4 61 56 32 87 32 69 42 41 70 40 12 93 31 22 55 51 55 71 71 27 72 7 79 11 56 91 25 30 25 75 34 86 31 67 73 15 88 68 56 58 8 68 3 39 43 58 43 98 82 14 77 54 21 56 17 77 99 43 60 77 70 94 15 53 13 89 69 2 9 77 12 17 98 16 9 41 26 52 91 8 18 
69 63 40 77 0 69 29 27 29 6 49 76 21 3 89 62 24 43 71 53 56 89 51 24 50 92 50 2 84 59 20 5 74 12 82 58 34 11 38 63 69 87 39 91 42 81 53 66 24 77 72 32 18 23 56 68 68 59 22 4 70 94 9 44 7 43 54 93 7 92 56 76 80 48 19 22 29 25 41 5 2 13 38 20 88 94 88 56 5 62 12 75 56 21 71 15 17 26 8 24 18 17 52 50 65 72 25 46 97 18 
3 51 83 41 23 0 36 11 80 93 25 92 69 81 66 40 97 83 66 5 59 37 22 11 39 39 35 16 37 84 34 41 35 69 82 58 93 70 21 73 64 46 17 33 28 35 25 77 70 92 82 29 81 5 93 72 96 80 89 34 65 75 75 0 45 57 11 38 80 84 63 44 31 32 29 11 68 54 88 90 98 22 20 79 79 65 4 76 45 45 10 62 20 37 15 17 46 26 7 26 10 70 70 93 55 99 56 23 6 96 
65 4 19 37 36 98 0 40 26 0 85 88 62 57 25 77 75 72 55 82 98 66 5 21 11 60 72 68 35 78 64 0 83 83 38 19 34 92 11 12 92 96 1 7 53 78 84 80 50 92 15 1 58 20 74 21 32 46 89 67 77 6 19 60 41 9 31 75 2 42 40 46 90 41 5 95 19 42 76 22 34 91 75 44 63 49 65 95 47 55 14 24 61 85 36 54 95 67 82 49 9 22 47 99 63 53 95 34 95 23 
8 29 66 83 73 29 84 0 76 32 45 42 56 58 79 93 13 26 12 95 75 22 69 75 73 84 28 20 18 75 43 79 4 9 62 29 90 47 19 18 31 65 12 39 75 92 32 40 18 45 35 46 19 4 73 44 88 1 65 59 76 8 38 32 70 52 61 12 51 80 31 34 97 95 74 73 87 6 13 58 3 1 56 74 57 29 19 98 82 84 57 10 44 47 42 14 51 55 79 55 87 62 89 85 57 63 10 97 70 75 
55 25 76 63 0 34 44 19 0 26 3 41 88 99 40 82 66 91 37 45 46 76 7 88 13 16 51 23 13 21 99 20 99 27 35 99 13 79 70 97 57 25 90 45 24 30 27 90 74 16 35 72 93 94 60 6 63 12 82 76 85 81 49 36 60 84 35 74 16 57 71 73 82 62 19 7 44 98 49 70 15 37 95 60 83 7 66 46 19 48 75 57 81 24 93 42 60 81 68 76 38 39 50 73 53 21 80 50 19 81 
72 34 18 67 94 2 75 13 48 0 13 23 55 47 99 49 89 60 82 57 88 72 48 90 45 54 11 77 56 31 59 28 17 29 96 64 31 71 29 32 69 42 55 25 89 7 26 30 67 8 39 7 32 40 98 78 46 9 7 2 92 18 30 62 48 26 78 79 49 7 63 71 1 19 96 43 78 22 25 97 82 65 4 14 57 2 44 3 64 4 5 8 22 35 70 70 14 0 2 15 59 65 86 61 36 82 56 66 56 81 
63 38 98 68 5 55 22 1 58 86 0 63 95 28 51 17 50 65 70 4 32 29 22 19 90 10 53 98 77 10 80 40 0 78 60 57 34 83 59 44 69 16 60 16 96 11 86 47 28 56 3 60 85 77 79 28 40 85 26 17 95 6 9 47 37 70 5 23 5 16 67 74 32 27 43 29 38 81 28 18 37 83 79 74 61 10 2 53 95 81 70 42 39 31 42 76 53 47 99 58 15 67 85 99 46 28 28 85 9 8 
55 98 44 34 72 57 97 27 10 44 8 0 39 99 63 81 76 17 28 27 27 95 46 12 94 93 92 75 30 53 83 85 51 79 72 24 36 21 3 46 65 63 30 4 62 94 85 90 63 65 18 90 12 16 55 7 9 47 82 91 1 17 29 52 97 1 28 85 74 31 84 39 94 14 96 9 8 33 99 23 51 69 66 63 86 21 70 47 68 4 39 69 22 20 74 71 73 2 56 47 86 40 38 32 7 34 41 67 68 93 
91 71 62 57 34 48 78 5 96 98 9 87 0 83 59 94 6 32 48 63 79 34 55 69 19 62 4 12 30 24 5 73 95 68 30 29 68 60 86 16 10 48 55 30 83 14 24 90 46 73 5 77 59 60 47 30 75 3 43 5 79 0 78 26 68 60 7 89 72 94 5 82 94 61 13 77 75 37 19 74 62 24 3 74 85 2 4 60 57 47 17 36 48 47 62 68 7 70 57 79 16 63 13 62 76 26 91 3 16 11 
29 78 35 33 52 72 87 57 84 45 56 1 81 0 48 96 25 7 18 34 38 86 49 52 48 25 30 39 81 46 50 10 25 38 95 29 10 83 38 95 28 95 48 61 3 97 9 28 56 27 15 47 13 64 99 13 42 81 53 23 28 55 33 5 93 29 34 56 12 25 51 92 20 99 5 23 48 15 4 57 94 19 4 8 35 55 21 77 36 26 0 64 82 86 21 27 15 56 83 79 33 34 23 5 86 28 80 86 95 84 
43 90 55 47 50 43 2 23 20 91 50 73 55 84 0 77 11 26 85 95 57 70 81 80 75 19 60 55 6 56 92 1 46 47 49 96 42 3 19 15 46 21 88 2 5 99 31 17 77 68 64 34 38 97 66 13 17 26 20 23 82 12 76 80 12 77 28 54 81 48 69 79 21 57 81 27 8 64 96 85 84 12 71 74 9 37 39 26 16 60 1 98 72 78 31 84 55 59 39 88 59 60 68 81 70 1 60 78 18 8 
16 2 20 87 77 29 77 68 8 93 28 9 43 1 39 0 37 95 34 28 35 45 89 3 78 59 57 38 37 75 46 53 29 18 93 58 48 70 27 56 63 55 17 6 8 57 81 46 52 67 74 39 64 63 43 43 74 52 81 12 27 80 17 8 98 62 67 98 32 94 6 95 49 24 54 58 81 35 56 85 54 82 24 18 46 19 61 72 71 95 36 50 27 54 59 77 16 26 28 1 72 34 96 21 10 2 31 91 89 39 
28 43 22 53 14 20 24 27 92 48 74 29 98 1 35 9 0 3 87 59 4 59 45 53 33 56 55 16 99 45 56 28 40 78 33 54 50 57 82 42 5 8 23 56 10 58 65 93 62 53 52 18 12 97 71 45 5 27 14 5 24 70 33 64 0 66 19 50 75 53 44 33 61 68 89 23 78 6 68 92 59 72 11 24 22 34 21 27 13 35 32 37 5 65 2 5 83 73 7 11 78 52 44 91 20 85 67 50 91 35 
43 51 8 54 27 30 40 48 57 54 84 42 91 41 59 45 99 0 70 6 6 0 10 50 92 82 35 11 33 26 46 76 29 6 82 56 88 22 57 98 28 41 40 72 34 99 69 85 94 40 44 0 40 54 2 84 37 89 95 22 68 42 50 97 0 84 6 89 6 63 39 87 56 31 59 42 30 28 28 77 20 72 29 61 26 32 97 15 73 93 89 41 87 39 91 87 23 49 28 82 12 19 69 20 50 80 62 33 8 42 
10 29 14 39 42 93 23 39 60 97 84 50 90 71 89 81 11 13 0 91 47 94 11 16 14 61 48 29 94 56 71 56 37 38 96 31 31 71 23 91 20 7 93 11 79 83 92 42 48 75 33 95 69 44 63 36 58 11 17 52 19 40 9 9 78 57 92 61 80 15 5 1 23 98 12 54 81 56 96 81 31 29 28 1 26 43 89 84 54 6 36 26 46 97 87 25 6 79 38 39 47 43 40 70 42 4 76 75 60 24 
9 92 53 37 93 31 81 82 15 87 40 4 65 86 1 52 63 60 84 0 99 31 97 91 53 91 95 29 19 55 5 28 47 10 65 92 42 46 26 57 34 66 61 99 5 15 4 68 27 88 22 78 71 72 69 24 63 64 5 82 71 10 10 71 20 28 15 62 74 42 72 60 60 33 12 17 0 68 38 27 56 60 5 27 84 74 3 48 90 8 82 62 70 45 85 90 73 0 5 99 94 77 12 7 62 24 24 63 92 62 
90 0 75 96 79 11 22 82 59 13 42 94 27 12 91 64 54 64 64 11 0 11 40 27 18 3 3 94 66 47 57 8 99 84 56 30 95 79 64 7 44 6 53 23 70 44 87 77 60 3 88 75 14 29 55 32 84 10 27 50 10 36 10 61 72 67 92 19 98 56 26 42 63 79 17 85 75 4 62 35 7 3 63 22 32 70 6 68 32 85 70 42 73 80 56 45 47 48 65 97 4 43 91 19 75 8 57 50 64 19 
38 72 22 1 46 6 23 4 74 55 90 44 50 63 77 6 61 76 54 26 74 0 69 65 82 44 74 39 47 38 58 85 62 33 86 60 91 61 65 66 16 7 62 18 22 39 24 83 16 30 61 90 93 83 7 75 79 33 14 26 72 24 63 86 57 1 47 49 62 64 67 31 23 81 49 45 21 74 81 89 56 94 31 49 77 38 24 9 72 90 87 96 15 51 34 24 52 81 73 15 97 92 46 20 74 47 18 47 73 99 
36 30 45 67 31 75 57 8 84 81 98 71 29 65 74 64 90 27 97 15 94 95 0 92 67 34 39 85 81 13 36 17 43 34 36 26 9 45 34 93 27 85 16 56 50 91 72 40 70 70 56 64 17 64 8 84 50 47 22 31 60 10 0 55 44 88 82 53 33 16 98 12 1 15 21 52 58 93 44 80 63 0 44 32 16 52 17 66 51 91 49 12 53 49 67 98 37 49 3 71 18 2 83 71 69 4 75 79 50 20 
59 65 72 3 98 89 7 67 7 58 58 57 22 11 6 42 61 44 91 65 67 61 19 0 33 88 59 60 67 9 80 26 74 53 81 72 94 40 39 1 50 49 10 73 61 17 15 74 13 58 39 32 72 10 34 57 98 45 17 17 54 50 95 81 3 28 5 49 20 97 50 71 46 61 96 59 30 63 34 95 73 25 27 97 36 13 54 86 59 24 56 65 74 3 98 29 32 4 78 4 1 28 75 47 41 23 59 23 38 93 
18 64 70 97 61 6 11 68 45 22 92 1 87 66 4 86 95 88 90 73 93 43 53 20 0 47 96 49 70 34 94 89 50 65 86 12 23 49 80 20 71 72 21 11 90 78 97 37 18 39 10 11 34 15 32 76 62 80 26 33 14 72 74 65 89 60 29 13 62 61 85 33 85 7 44 75 37 93 12 55 84 74 67 18 41 51 95 4 31 73 89 97 97 63 14 87 75 95 52 37 56 37 23 41 96 19 16 33 13 80 
41 49 6 8 20 48 11 15 4 94 40 93 43 37 8 10 76 83 5 28 73 62 18 48 3 0 67 72 0 32 4 41 82 63 1 2 63 64 69 67 10 9 12 53 98 72 63 75 7 21 55 32 83 25 80 38 92 48 62 44 32 19 37 14 82 38 68 97 54 89 16 64 50 80 69 49 52 85 76 59 6 83 92 41 61 72 31 53 72 46 49 5 65 86 71 99 76 92 96 30 81 12 46 32 92 67 33 96 52 61 
55 10 96 99 3 57 24 35 62 96 33 11 53 98 97 25 49 73 17 45 55 50 9 1 82 53 0 67 49 73 28 56 36 25 56 39 34 80 26 97 28 59 8 34 9 6 59 58 31 28 55 87 30 64 40 65 17 61 32 18 87 13 75 23 90 31 14 24 63 41 21 43 52 82 77 62 40 88 20 71 68 76 10 99 92 3 64 62 16 96 80 3 61 55 78 51 38 45 76 1 86 49 97 38 83 74 52 23 63 25 
47 31 53 57 30 45 12 46 7 29 43 88 84 4 95 63 8 34 8 84 87 46 85 84 36 69 59 0 44 74 66 91 5 19 1 88 64 13 34 24 42 29 64 79 86 59 94 94 93 54 30 33 0 15 17 88 36 28 29 81 2 95 24 8 66 25 48 83 91 34 7 85 64 71 64 50 82 58 44 28 12 26 61 64 93 78 53 30 59 34 63 61 82 39 21 48 65 69 31 8 4 90 93 20 61 58 70 96 16 66 
24 81 92 85 45 85 15 98 67 74 33 82 88 67 22 9 15 39 31 99 47 87 89 40 7 3 98 29 0 67 95 75 48 39 60 93 76 27 44 44 54 29 26 94 96 48 3 63 39 86 62 86 73 4 27 80 7 77 61 58 96 8 33 96 47 45 42 24 24 38 68 30 67 46 24 15 47 28 78 86 66 93 73 40 49 52 72 56 81 34 66 30 42 99 26 42 44 20 66 20 58 86 51 77 84 75 92 31 55 23 
70 22 68 95 62 17 99 86 25 80 20 91 62 15 90 41 57 86 61 23 6 72 61 9 49 45 85 94 29 0 17 99 14 37 94 28 54 93 15 79 25 87 22 88 2 64 81 11 50 42 86 8 14 47 18 16 45 55 10 74 47 79 73 14 16 19 42 22 12 9 53 37 49 75 77 3 39 58 15 41 53 1 49 19 1 19 35 98 74 97 72 74 76 97 88 92 16 82 14 80 92 67 69 41 94 47 44 33 57 11 
74 10 65 76 82 66 47 17 16 22 67 88 48 43 37 36 88 5 18 2 85 62 22 54 3 68 53 0 2 11 0 28 73 28 56 55 46 4 25 62 78 92 50 26 35 39 62 75 44 32 30 29 95 52 36 50 72 89 2 26 52 66 55 26 94 11 33 41 67 58 55 45 2 6 71 90 97 85 65 42 70 95 23 65 99 59 15 72 1 70 98 53 36 5 79 30 69 65 23 36 75 79 34 78 37 5 20 34 43 85 
28 13 33 52 30 84 63 97 56 64 67 7 18 3 64 49 86 33 14 9 22 90 40 56 20 29 13 40 64 8 77 0 21 62 48 3 47 12 1 55 28 68 14 46 72 79 48 58 64 14 19 86 4 60 94 76 89 60 16 5 68 46 2 42 8 50 45 7 14 46 63 43 15 29 41 39 8 89 97 73 4 68 11 60 80 58 89 70 18 5 27 86 3 29 80 64 32 26 71 46 72 86 89 39 16 31 78 76 72 27 
1 28 96 65 41 76 23 30 98 41 87 78 79 91 7 60 7 39 86 30 86 10 17 27 50 85 10 80 13 83 60 15 0 56 80 4 84 3 34 35 96 22 13 75 65 72 35 72 12 21 54 50 84 71 29 86 8 40 66 22 23 78 37 38 86 69 43 71 72 77 58 68 51 71 95 68 43 31 92 7 4 47 9 88 70 39 74 79 79 93 1 54 71 90 92 58 11 87 81 35 17 39 3 68 62 98 89 57 81 81 
65 86 28 26 74 51 17 1 30 96 94 83 2 17 25 47 75 36 34 8 71 51 47 26 72 9 76 61 67 58 94 84 96 0 62 22 26 80 23 56 28 69 91 31 87 16 30 14 4 64 23 75 68 70 53 40 32 29 53 51 39 47 87 35 22 49 58 0 81 81 8 10 51 99 41 90 67 71 4 71 87 27 98 55 50 51 95 34 81 0 37 20 48 24 8 22 25 66 75 7 99 83 17 2 35 10 92 2 33 49 
26 20 28 24 76 78 28 23 64 61 24 1 33 24 25 41 46 51 7 21 10 59 57 27 61 92 89 6 46 22 55 72 42 83 0 70 62 77 46 78 38 70 80 71 46 5 65 92 8 24 66 70 83 75 49 45 67 38 51 13 60 58 86 55 41 87 25 55 64 23 34 54 93 14 77 39 71 42 84 32 67 2 54 50 77 4 47 96 42 50 9 3 8 47 10 2 34 87 57 50 11 43 4 4 9 82 96 33 76 32 
65 43 86 71 46 63 75 93 59 18 96 20 73 4 68 35 58 54 22 16 5 33 11 61 90 21 95 86 54 72 70 71 15 56 42 0 71 18 7 30 88 3 2 13 59 22 48 70 77 70 86 82 4 49 95 94 70 91 32 24 63 2 47 30 10 90 44 81 60 3 63 0 58 65 13 17 88 13 87 65 83 25 99 39 27 94 85 97 37 17 74 52 71 73 83 81 63 27 14 75 30 77 75 88 43 40 57 83 5 97 
0 41 74 99 80 53 45 18 51 35 87 77 87 59 50 70 92 66 49 7 93 31 84 21 71 79 61 81 14 67 30 14 8 56 65 40 0 63 58 13 98 46 90 85 57 92 8 1 58 9 60 4 93 45 25 16 76 86 97 91 5 79 57 65 36 23 58 46 86 68 11 36 66 1 73 75 45 33 77 56 43 37 60 88 34 85 4 63 23 2 6 29 33 63 46 69 38 56 67 24 25 78 12 91 31 38 67 77 71 96 
33 66 33 93 54 20 78 11 83 1 13 89 82 46 4 81 68 43 37 35 19 62 66 32 6 97 70 25 74 93 21 59 60 6 4 66 26 0 77 9 88 42 50 70 41 55 3 9 98 41 96 17 55 62 1 61 12 71 86 38 17 59 98 77 66 2 95 44 37 73 54 77 15 56 47 8 11 3 69 61 44 66 31 99 80 32 13 92 56 51 83 73 11 81 2 29 35 97 73 24 70 79 1 38 36 1 98 99 4 68 
13 0 86 44 51 66 28 16 11 84 68 94 9 31 27 11 12 14 9 85 91 31 17 44 21 5 97 20 56 1 88 69 53 74 65 5 92 94 0 3 30 41 49 40 72 28 3 36 95 12 22 86 96 91 82 17 96 80 37 52 33 77 74 87 51 91 92 44 37 65 99 68 7 1 60 31 81 63 68 28 28 42 66 24 33 49 41 81 29 79 33 62 8 59 1 60 51 93 56 88 11 7 8 70 60 68 1 94 84 21 
22 12 63 89 36 48 38 77 29 19 8 15 33 17 26 35 29 77 80 85 18 91 44 78 61 57 47 15 51 83 36 73 95 52 62 31 52 52 60 0 71 21 1 5 38 27 92 19 57 72 56 75 64 0 5 77 57 52 44 8 35 33 34 82 85 96 13 89 1 26 23 72 47 24 29 37 4 21 56 61 46 12 88 10 12 93 39 22 98 84 82 85 17 16 68 54 65 33 95 66 59 19 90 58 95 72 95 99 93 51 
12 39 63 0 1 28 46 93 50 44 29 84 29 98 1 49 52 66 83 47 84 94 18 74 53 66 46 0 17 92 52 30 83 67 82 37 95 28 30 97 0 11 82 54 9 83 3 61 1 38 60 37 85 31 63 90 49 10 90 66 54 94 48 89 62 31 26 57 59 8 55 32 71 89 38 80 24 93 93 25 32 6 14 69 37 77 59 38 39 1 4 93 96 53 35 10 84 61 19 95 22 74 79 93 15 17 74 39 11 19 
16 95 25 30 64 14 8 75 52 47 76 57 93 24 62 28 86 98 41 6 93 15 32 73 61 48 42 87 87 53 6 4 48 32 86 64 46 94 39 51 94 0 8 39 44 22 19 31 20 60 37 65 28 69 90 89 17 33 76 57 38 34 13 39 66 99 3 65 46 95 16 92 15 76 31 59 98 50 90 70 62 79 87 90 49 78 31 18 63 7 27 53 94 40 92 60 92 48 77 38 95 45 82 10 21 13 69 71 15 12 
93 77 91 33 20 92 11 51 63 26 11 90 31 5 83 76 17 75 24 47 65 71 92 47 81 66 12 2 89 27 66 83 56 58 16 76 2 79 80 65 57 91 0 88 48 91 64 65 18 40 12 35 11 57 34 44 23 46 99 12 25 65 47 81 23 15 10 78 94 90 43 3 81 3 92 29 46 8 46 16 1 11 51 64 68 85 9 91 83 8 55 8 25 3 42 49 18 52 79 65 42 74 68 75 78 12 56 76 73 54 
93 74 65 44 38 33 82 99 76 17 59 32 78 85 87 20 86 5 24 65 70 18 39 91 93 69 3 1 46 28 55 39 2 73 35 41 6 17 92 35 35 52 19 0 37 6 85 23 63 9 88 34 27 79 77 72 49 32 25 95 61 80 86 63 5 21 56 64 91 49 99 78 1 18 43 38 76 80 13 39 41 1 25 20 80 2 92 81 35 69 28 48 49 14 11 7 88 20 71 79 21 70 9 22 40 52 12 16 32 25 
55 73 78 81 45 10 35 37 92 22 6 72 70 7 87 34 14 27 6 85 6 27 7 67 1 47 19 13 15 3 90 71 28 20 4 73 30 91 62 74 14 20 47 84 0 86 70 46 13 76 83 71 3 91 38 4 90 9 69 6 12 11 29 92 31 85 17 62 76 79 88 90 51 35 27 30 21 49 76 34 26 12 57 29 55 95 86 45 4 55 3 68 19 84 60 50 69 77 64 98 8 53 40 59 88 67 42 62 17 70 
48 95 82 6 24 37 1 62 35 58 70 38 26 89 23 39 39 44 68 4 42 77 9 83 88 97 2 30 11 71 1 60 66 35 66 43 25 19 5 60 77 75 98 4 64 0 95 56 18 63 12 12 92 21 47 81 18 50 63 30 73 64 42 40 52 8 35 77 27 92 37 5 20 87 61 36 61 56 92 31 71 4 95 64 25 43 45 96 93 8 78 18 25 20 58 77 28 45 6 7 38 43 12 10 82 25 46 95 33 39 
26 5 95 74 69 21 17 66 69 62 26 47 80 3 67 91 32 47 36 38 54 26 81 19 36 16 96 83 11 30 74 38 35 69 12 56 42 81 74 11 43 0 58 23 4 77 0 36 76 51 75 83 29 8 2 66 24 98 1 88 80 75 26 15 96 90 23 39 71 97 2 66 50 13 89 54 42 4 42 19 7 69 2 36 30 56 54 6 54 55 94 35 82 72 2 31 62 78 70 85 75 24 3 77 37 93 31 80 49 26 
51 8 95 53 44 25 9 51 32 15 58 26 2 93 99 57 24 13 35 46 51 62 70 54 40 60 99 23 40 48 49 43 56 97 96 53 22 57 4 6 24 14 85 79 7 84 36 0 49 23 77 0 37 48 7 29 60 6 53 0 7 54 95 63 51 91 68 26 0 24 84 76 39 69 55 46 5 43 78 55 66 7 7 56 7 66 85 67 73 90 19 32 97 14 95 0 57 64 78 9 88 63 86 79 32 41 26 90 85 56 
97 3 15 56 11 23 23 49 42 48 39 62 80 88 28 27 89 86 43 67 47 84 82 33 63 67 27 41 57 64 97 54 67 65 62 31 88 85 80 82 85 19 44 17 60 25 45 49 0 88 68 10 72 51 44 36 70 23 77 27 87 27 33 6 92 47 37 32 85 17 14 70 89 11 88 49 36 85 50 51 25 18 61 98 21 57 86 43 80 15 22 67 94 55 74 38 55 63 70 40 81 37 10 70 0 50 71 88 87 21 
39 13 91 52 63 65 10 49 8 42 16 31 62 11 38 88 1 93 51 24 33 84 61 96 6 61 98 77 49 86 50 40 99 94 92 62 59 54 63 19 97 31 2 59 94 93 99 96 38 0 20 24 87 33 20 93 94 70 71 95 56 73 35 7 67 27 21 78 82 36 98 31 68 52 42 14 45 41 10 84 43 82 60 30 15 32 76 61 2 47 56 11 72 43 70 40 23 44 18 57 80 68 40 0 21 82 67 66 75 29 
2 70 12 14 53 79 46 29 41 49 28 49 12 0 93 82 40 68 78 59 25 59 27 17 11 0 99 78 19 26 8 21 96 72 88 49 51 34 78 92 35 6 94 47 59 87 82 99 7 60 0 84 71 90 1 83 90 52 13 9 78 73 83 74 45 71 24 49 5 54 93 41 13 87 40 72 26 22 23 33 83 86 17 54 76 70 89 66 22 3 28 0 28 11 75 74 82 51 75 39 57 68 32 70 56 73 94 82 95 70 
68 30 56 37 37 32 8 26 50 30 81 78 83 10 89 58 36 23 61 11 15 18 79 47 41 87 72 35 70 20 5 38 50 61 27 87 45 35 66 96 18 47 74 1 57 16 11 93 39 24 56 0 42 36 54 35 75 26 23 45 46 28 35 49 42 63 88 39 50 54 35 68 2 10 21 59 26 84 5 17 8 13 24 3 1 78 38 77 56 61 22 55 42 10 56 36 25 44 75 75 99 11 96 1 73 17 12 51 54 69 
68 62 83 92 65 84 22 4 61 31 65 36 38 59 98 94 95 23 38 71 50 37 34 98 90 7 16 55 58 22 24 78 84 7 23 50 44 97 6 57 28 23 93 18 83 43 12 78 66 3 1 69 0 35 67 83 94 35 38 4 57 62 83 42 22 58 44 66 55 50 75 36 73 69 54 8 12 67 39 31 22 40 52 62 28 19 97 74 55 35 79 64 50 14 58 24 72 2 42 27 4 17 63 30 38 70 38 3 89 77 
34 11 70 86 25 50 57 23 76 64 10 55 29 60 21 87 84 93 42 78 73 46 96 36 76 34 58 67 37 47 96 23 58 18 61 84 68 19 7 45 83 69 52 64 30 74 4 66 67 46 45 92 44 0 29 21 27 87 40 17 87 36 40 45 55 2 29 75 73 88 72 8 58 77 73 40 51 29 58 70 75 55 63 71 48 44 44 28 83 84 45 70 21 37 68 28 39 49 55 64 38 28 73 48 5 46 40 8 75 50 
78 2 6 93 25 6 37 70 86 73 54 83 95 27 21 63 55 12 13 11 77 3 91 50 3 96 48 43 4 75 45 34 29 51 28 54 10 17 24 48 90 79 32 86 6 53 49 14 17 14 77 94 17 68 0 20 16 44 15 20 19 61 6 48 64 34 3 26 4 27 75 94 58 7 32 17 12 34 83 29 48 60 76 18 80 72 38 96 17 6 68 36 19 74 37 83 61 92 62 65 19 37 11 30 96 44 47 8 78 30 
89 78 42 65 96 22 38 87 18 7 93 38 95 12 12 32 47 25 24 9 90 96 46 2 78 94 98 25 2 28 7 44 6 49 61 3 23 99 90 93 58 35 31 54 47 95 38 94 21 15 4 63 11 2 65 0 97 15 66 51 43 25 47 50 26 9 5 49 8 47 42 19 82 25 73 81 20 63 75 41 78 31 57 89 86 22 30 35 38 48 38 33 73 86 35 51 95 40 0 55 87 94 74 21 19 99 2 92 63 30 
85 41 13 42 83 51 65 65 86 55 14 25 40 39 11 76 91 6 16 43 13 56 38 88 29 57 87 84 1 50 66 87 92 79 29 75 83 46 40 69 53 6 46 94 98 9 70 89 67 38 32 81 94 22 69 76 0 56 60 33 59 26 20 51 57 50 78 40 96 70 62 50 29 8 44 27 70 66 68 37 4 0 18 51 23 87 27 55 96 39 88 7 65 61 10 74 11 88 15 7 10 29 9 39 89 5 18 59 23 86 
97 28 39 67 31 62 7 10 69 3 49 9 10 66 70 72 40 33 60 7 93 22 36 2 14 26 60 32 37 83 19 34 63 58 2 94 72 9 56 93 64 5 2 26 71 25 98 64 58 10 23 3 32 60 6 46 38 0 79 75 53 50 62 17 8 16 63 32 25 20 25 41 77 79 19 1 56 17 65 67 79 88 70 11 0 28 10 90 46 41 18 52 91 80 69 51 96 84 83 73 4 60 66 34 91 85 35 48 2 52 
15 33 92 37 44 93 66 6 35 64 47 53 16 38 33 37 41 81 22 76 6 78 36 72 12 28 57 47 28 11 51 95 44 44 32 41 37 98 47 72 15 95 78 31 85 63 69 79 45 43 55 3 21 44 76 86 24 85 0 52 49 37 99 45 81 31 86 70 82 86 94 97 33 72 80 18 36 1 49 33 96 5 36 18 1 12 56 25 50 41 29 99 78 28 44 11 59 83 81 93 69 76 42 54 0 75 24 88 76 74 
21 73 79 10 43 80 74 99 57 24 92 86 75 71 14 20 34 25 55 16 71 76 44 13 30 96 88 54 85 17 28 58 90 59 68 85 91 43 36 0 19 28 86 95 51 52 67 86 30 22 54 1 50 50 14 80 46 55 86 0 72 67 94 14 78 62 99 22 57 35 22 77 63 9 72 67 13 39 53 43 13 59 44 63 9 11 95 7 66 81 43 90 0 37 4 79 51 55 1 9 42 23 38 57 84 10 24 98 1 29 
41 14 88 38 29 97 49 24 57 67 57 0 57 58 37 13 37 88 20 90 49 62 13 87 71 50 49 96 0 2 77 41 68 66 31 97 15 32 73 72 99 31 72 8 89 9 73 26 50 93 16 51 7 81 91 79 83 92 27 83 0 4 25 15 22 8 13 38 41 38 10 40 69 83 1 58 44 74 36 46 68 4 98 27 86 89 6 69 81 85 5 28 42 82 44 16 90 9 54 31 47 17 24 17 52 25 75 96 99 64 
43 19 68 93 47 6 82 5 28 15 43 33 44 37 15 40 53 5 49 8 89 96 25 13 65 77 90 93 25 89 57 20 61 25 13 8 84 47 65 12 15 60 97 11 97 12 51 51 69 0 11 58 48 88 23 14 17 13 7 42 55 0 15 16 41 80 76 77 28 93 41 95 54 38 6 51 2 9 2 24 61 13 34 9 1 58 75 70 23 82 13 78 98 28 94 92 60 22 21 88 16 63 35 70 1 41 73 56 2 76 
80 63 41 14 73 95 24 0 65 48 83 30 26 33 10 73 77 71 95 99 11 63 62 47 85 15 40 59 71 43 87 3 58 80 18 83 27 94 84 45 42 19 75 69 52 38 94 82 61 41 81 72 5 95 71 90 62 64 1 34 59 88 0 17 69 59 53 96 54 37 41 96 56 69 17 60 59 11 42 20 53 23 44 10 70 68 0 33 84 2 19 43 42 8 12 11 68 65 60 74 54 53 70 10 22 88 71 33 51 13 
53 56 89 98 66 59 66 19 92 50 73 11 45 15 72 9 79 92 27 91 66 81 44 36 92 19 76 63 52 80 28 6 36 17 56 3 29 74 22 21 24 47 85 21 62 57 30 93 1 9 84 67 91 29 55 35 0 32 98 52 12 78 10 0 48 18 55 77 92 29 98 68 76 35 89 91 44 72 84 45 33 69 12 24 50 68 59 2 52 9 6 16 88 17 68 36 87 24 65 80 53 15 48 30 51 90 21 47 14 5 
93 47 26 57 72 28 77 83 30 81 93 37 97 33 6 66 21 93 90 86 25 43 53 74 25 4 16 46 52 30 4 97 29 30 6 1 11 84 37 41 65 82 30 15 15 88 33 88 82 75 26 7 70 79 33 96 36 1 94 40 31 98 37 61 0 95 14 92 79 3 85 97 85 68 64 52 56 97 40 38 24 18 98 94 98 83 42 34 85 37 26 68 87 15 29 20 10 96 64 90 99 2 39 37 70 3 89 26 52 82 
17 28 0 15 22 50 50 17 36 35 6 62 4 93 77 85 66 88 33 30 30 85 32 21 22 54 76 63 81 80 45 98 8 98 65 30 0 15 47 37 51 5 51 55 99 81 92 17 21 26 99 3 11 84 24 85 38 52 48 19 32 46 69 40 44 0 70 96 50 70 33 1 75 37 8 26 70 52 43 91 78 95 94 41 79 70 26 17 22 27 37 54 73 6 94 69 41 16 65 43 38 51 96 66 88 56 92 10 8 88 
1 39 83 47 80 62 17 59 31 91 38 68 45 11 27 91 32 20 59 97 15 98 0 11 64 40 67 8 50 27 48 51 66 31 98 99 45 67 58 77 10 48 97 7 59 76 98 43 96 58 92 11 8 93 74 72 33 41 32 84 69 81 87 35 12 38 0 10 5 96 39 16 44 36 75 55 65 74 98 61 84 91 25 44 84 99 68 69 93 0 53 14 81 41 1 46 79 88 56 36 84 95 4 29 83 80 84 48 6 35 
62 42 26 39 86 62 90 6 31 35 6 37 49 88 78 51 34 9 91 90 97 75 37 2 56 72 34 41 73 92 76 87 86 54 78 24 16 68 30 99 4 36 36 5 24 66 56 58 27 99 0 25 75 89 79 31 14 65 24 39 57 52 26 43 58 4 67 0 24 49 26 80 85 14 86 10 33 94 20 60 94 73 85 69 14 16 52 80 81 29 19 90 33 97 85 92 1 4 18 78 53 96 58 39 11 96 1 44 91 73 
56 85 98 94 6 65 10 10 45 44 39 65 86 73 62 72 65 16 76 35 46 82 32 4 73 95 53 26 91 44 99 47 81 50 93 87 15 4 49 60 0 89 25 86 14 40 58 31 56 87 66 54 69 50 58 94 97 11 20 40 7 19 88 88 69 81 27 36 0 77 97 37 18 74 76 32 14 34 15 22 73 33 28 94 84 87 88 33 50 8 74 10 80 14 98 1 47 26 38 37 55 35 26 73 61 2 57 28 89 72 
2 62 5 31 57 41 70 97 75 20 6 49 30 86 15 81 87 62 59 25 99 14 12 26 39 26 80 96 54 69 20 56 84 25 39 41 19 9 90 94 82 96 95 64 34 62 97 22 24 56 99 76 22 64 54 13 90 34 61 44 56 81 52 40 59 44 33 78 53 0 24 87 20 71 4 54 33 1 28 9 58 80 85 32 44 91 46 34 26 59 30 82 41 34 22 52 30 55 82 36 30 6 23 50 77 27 57 10 81 37 
71 39 17 57 23 61 48 21 47 26 81 29 60 74 16 34 26 46 41 8 82 72 66 58 22 95 37 31 57 18 69 28 9 38 85 33 52 86 6 51 64 87 81 25 61 49 59 39 95 1 99 30 73 65 40 47 60 77 31 69 96 52 98 5 90 35 90 42 21 97 0 86 36 27 63 50 76 74 89 23 27 41 5 52 58 45 0 71 23 83 40 71 35 38 76 25 74 19 68 47 16 14 33 52 41 48 54 69 23 44 
44 50 37 50 3 95 47 55 66 70 38 7 93 25 45 22 50 19 41 70 67 9 36 52 13 77 53 68 98 28 64 43 78 1 45 33 96 92 40 63 15 30 22 8 55 67 30 58 39 23 28 58 32 17 62 98 46 67 66 45 95 82 40 26 83 85 11 31 77 52 46 0 34 68 53 42 88 35 0 79 11 80 89 95 97 3 93 44 71 11 41 66 93 81 92 28 66 4 12 95 8 58 40 94 79 45 36 67 32 36 
98 95 69 87 91 18 90 36 62 13 0 3 80 45 36 24 74 2 80 86 50 88 96 42 35 75 39 71 94 23 60 92 19 29 79 62 47 22 50 62 35 50 17 67 96 54 92 22 8 24 60 58 65 56 52 0 84 43 71 78 67 31 71 38 12 2 0 12 24 50 74 12 0 91 79 49 45 23 23 6 48 35 64 65 91 69 65 27 12 88 6 31 20 29 69 84 31 69 96 8 72 70 72 25 62 51 26 59 27 49 
65 27 84 82 92 27 3 9 55 15 97 13 99 69 42 68 54 25 90 50 33 14 73 5 39 87 9 65 46 88 66 64 67 2 98 11 29 1 20 36 68 17 1 67 39 95 88 93 21 78 95 6 92 68 64 83 55 25 0 54 13 66 18 80 20 68 91 1 69 63 38 89 32 0 57 71 87 45 64 60 75 12 18 19 80 82 2 88 7 2 42 72 20 12 4 40 80 95 41 1 10 31 90 43 23 99 14 62 96 31 
22 71 43 40 90 75 75 92 63 82 46 5 7 66 69 11 6 1 59 0 2 69 31 93 12 6 44 79 68 41 10 42 12 5 35 55 80 10 99 96 44 46 1 51 64 23 15 23 24 74 23 27 43 6 72 8 13 16 39 33 9 1 76 74 6 63 29 38 25 80 34 69 78 88 0 43 11 88 18 87 14 93 14 9 99 38 69 64 7 8 98 16 9 26 90 67 89 71 6 14 52 40 35 30 80 60 25 91 0 43 
79 14 36 45 24 88 84 93 52 43 54 50 59 63 28 50 31 69 21 37 83 25 29 71 56 10 31 33 53 32 77 84 98 65 82 22 53 18 68 58 61 22 60 20 85 89 22 68 58 96 57 94 21 87 17 29 49 48 15 54 32 92 91 31 9 73 5 15 43 73 73 4 47 33 76 0 74 99 53 33 47 11 79 20 50 96 2 51 96 17 57 29 61 48 12 70 73 17 85 16 43 10 72 90 44 49 27 18 0 81 
3 47 44 82 19 46 30 21 49 27 38 6 8 99 7 72 22 32 41 7 1 84 70 73 27 14 22 54 84 22 87 88 21 31 22 41 29 5 62 30 84 53 37 92 52 96 16 26 80 57 86 81 94 56 55 21 22 77 27 6 0 15 46 21 98 21 14 80 26 77 10 10 30 99 54 34 0 70 61 28 79 99 9 73 55 64 46 77 94 74 83 46 41 82 19 91 3 34 23 29 11 34 91 93 85 45 79 33 15 40 
13 46 91 22 20 46 39 66 75 33 92 11 79 85 93 50 29 96 84 52 77 95 38 68 40 76 65 20 9 32 12 22 78 4 96 98 2 35 17 78 20 61 89 51 47 34 2 28 30 86 32 59 34 71 79 74 47 44 94 8 76 7 82 54 63 78 53 65 66 22 43 38 83 84 90 82 18 0 10 48 82 43 59 68 66 38 43 13 82 89 73 58 48 55 13 11 33 18 77 51 40 72 90 75 57 80 58 75 76 68 
76 58 11 35 79 29 26 22 42 8 63 15 19 12 22 84 75 56 54 4 7 46 77 97 21 34 29 79 9 57 0 37 68 63 73 47 93 51 21 35 59 84 3 30 48 25 66 24 33 20 28 93 66 5 42 88 91 24 67 53 81 19 90 1 83 63 0 76 14 21 63 26 6 66 8 6 44 75 0 29 95 11 22 62 68 17 2 60 41 21 13 74 41 3 28 24 19 28 0 85 50 63 11 8 82 20 14 78 47 97 
7 42 60 82 56 28 99 58 40 92 80 53 18 73 9 46 97 28 75 49 13 77 12 77 85 46 49 51 24 96 0 84 90 60 66 47 41 17 57 81 61 89 87 79 62 96 26 59 24 53 60 89 30 25 66 67 71 67 70 48 63 71 32 6 83 50 5 24 19 62 58 80 52 45 11 66 41 37 78 0 42 38 58 72 63 25 91 35 44 62 35 60 85 19 66 68 21 71 45 92 85 55 72 37 0 35 56 93 25 34 
10 67 72 68 40 36 45 83 23 42 45 58 2 30 29 20 51 50 91 48 42 76 3 66 66 3 53 22 48 78 56 58 46 80 78 38 16 76 21 91 18 67 1 72 49 30 92 52 32 35 0 26 11 3 44 29 58 98 3 6 76 11 16 22 92 47 60 60 75 34 52 45 53 53 17 2 36 9 7 68 0 7 95 7 63 91 89 73 89 92 32 66 56 48 40 48 47 53 8 74 87 12 19 92 66 36 94 2 97 1 
22 41 61 69 1 76 61 90 49 2 34 81 68 90 82 61 90 81 66 51 56 5 63 75 97 81 12 91 35 61 45 58 3 58 27 56 34 40 98 83 43 32 17 63 75 99 24 65 80 42 68 36 47 84 12 44 65 76 88 1 37 85 11 92 43 90 48 29 31 46 12 74 31 29 89 6 80 66 23 61 8 0 49 56 28 61 0 45 89 88 46 27 73 9 71 68 0 72 97 83 70 62 9 1 43 98 59 24 64 35 
37 73 79 86 81 59 0 33 4 41 74 3 68 47 12 92 68 64 64 17 47 34 79 56 88 75 7 47 51 71 34 88 96 65 26 29 24 78 63 29 20 37 32 40 36 96 32 56 61 96 74 60 83 53 17 71 80 76 70 31 99 5 71 96 70 98 77 47 76 40 76 96 29 60 37 66 8 21 22 69 18 48 0 53 54 99 24 34 75 94 66 74 51 37 22 74 87 0 21 64 92 49 12 74 61 1 40 69 23 14 
39 93 63 21 46 17 20 22 3 47 16 69 73 20 59 96 94 46 48 67 62 92 16 75 66 29 76 58 98 51 25 37 44 88 10 90 57 82 12 12 29 81 82 3 53 93 51 99 39 51 66 54 43 34 29 10 63 57 20 61 9 45 51 5 85 61 96 94 44 60 7 25 93 41 80 46 34 31 45 25 82 11 79 0 97 60 40 60 70 60 74 79 6 25 84 43 38 32 38 34 45 45 60 38 38 40 85 72 24 30 
49 58 94 29 88 91 41 28 4 11 41 78 90 99 3 27 42 41 11 80 76 56 77 88 95 15 80 32 39 4 62 89 15 8 70 3 52 11 84 56 23 25 34 65 24 89 92 66 82 56 99 10 12 28 98 59 44 79 91 35 35 6 24 2 66 94 58 18 58 42 26 81 67 60 46 43 1 91 9 84 47 60 94 11 0 45 71 85 76 14 20 63 72 97 66 39 43 24 9 1 18 36 82 37 48 81 80 50 72 41 
86 71 2 32 82 43 77 5 80 5 72 52 69 44 49 35 35 45 11 45 46 81 33 81 18 81 62 98 83 86 39 69 57 93 2 91 36 31 97 16 37 21 69 6 65 70 93 53 15 56 98 14 37 83 47 55 64 9 5 48 95 44 69 4 38 23 95 26 55 44 95 92 65 16 50 31 38 43 36 6 51 34 20 40 17 0 95 33 28 0 33 75 96 3 79 86 78 26 13 33 71 60 77 36 76 27 19 14 22 55 
72 25 41 92 65 10 11 60 44 39 12 29 66 61 84 45 47 63 24 12 96 95 72 26 83 0 53 3 67 28 10 39 53 4 84 71 14 95 83 10 87 96 40 53 57 76 51 56 39 75 69 88 70 93 14 5 94 19 60 61 99 71 52 5 75 36 76 41 32 59 52 19 7 44 72 16 72 75 73 12 50 94 52 72 87 18 0 33 37 90 46 89 61 99 94 88 35 70 82 19 81 86 90 89 82 15 5 54 90 30 
18 41 24 70 13 64 88 43 97 78 34 44 67 47 43 61 88 30 83 70 50 64 8 40 5 90 55 63 44 46 93 63 39 18 85 52 82 74 48 31 52 82 75 19 81 18 32 69 49 15 91 51 31 99 91 89 41 99 52 38 45 45 1 36 15 86 88 49 12 88 81 64 22 56 35 4 27 67 25 28 34 69 79 18 20 22 7 0 21 59 0 18 56 53 54 72 91 95 21 4 83 54 20 58 63 56 14 90 75 91 
18 10 60 49 80 33 71 87 47 93 46 47 63 54 52 18 26 95 13 0 51 48 54 72 58 69 80 72 59 7 64 29 17 24 78 49 57 2 36 4 95 34 3 58 89 7 28 15 55 93 67 6 94 74 30 52 43 62 25 55 70 89 36 39 65 15 89 75 17 25 31 64 12 87 74 1 94 55 68 49 48 88 8 42 62 38 47 57 0 72 12 71 13 49 62 78 16 51 53 85 29 85 1 41 72 75 94 18 82 62 
20 31 50 28 25 64 66 24 22 19 96 34 42 9 35 5 88 51 56 93 88 85 30 89 78 2 17 72 73 99 35 93 82 37 21 60 2 87 84 24 59 81 10 1 42 98 6 82 1 15 76 90 52 6 79 31 61 48 3 34 48 90 79 82 80 0 42 82 39 79 58 98 12 20 0 54 18 6 89 72 21 65 62 74 23 93 57 36 42 0 22 42 3 1 24 35 53 19 69 93 98 79 91 10 99 43 16 70 2 5 
94 75 22 56 49 46 1 58 34 95 71 57 37 26 10 14 61 64 33 82 57 83 61 0 93 12 96 61 34 98 67 28 73 89 36 75 87 38 33 22 33 56 31 23 82 41 37 95 57 22 77 66 5 38 67 50 3 15 11 37 13 78 66 38 20 2 13 7 40 99 29 26 55 12 49 90 54 38 85 63 60 15 30 17 5 49 67 8 64 30 0 77 61 12 67 81 66 33 88 7 32 70 85 39 82 86 81 88 24 19 
52 36 34 82 5 39 31 24 0 95 54 46 24 15 10 43 96 76 76 37 35 8 59 20 0 41 6 81 82 82 52 34 70 86 68 75 78 51 51 78 98 58 76 74 73 86 17 22 62 94 11 98 54 70 70 54 63 77 88 45 11 40 31 34 79 99 61 57 2 13 87 0 71 63 74 96 49 92 70 63 86 81 13 40 51 84 47 67 61 35 12 0 27 44 58 6 95 20 15 98 33 2 98 56 17 73 52 18 17 23 
82 3 56 95 95 60 79 42 27 92 29 39 69 57 35 27 15 31 99 31 81 84 33 79 40 3 4 45 21 21 20 3 76 76 51 24 36 30 18 63 75 48 55 44 57 90 71 72 21 71 55 54 7 41 34 48 44 90 45 65 64 65 21 92 41 72 16 78 2 35 93 77 35 48 73 44 91 45 16 64 68 24 19 75 65 5 75 61 95 20 26 59 0 47 4 79 71 20 9 74 7 54 3 42 3 77 86 46 74 55 
10 94 31 29 21 48 34 49 9 82 69 87 93 7 87 97 38 58 70 47 32 77 1 88 72 56 17 10 2 91 17 65 37 48 94 58 96 81 7 57 63 29 45 8 36 32 6 74 90 28 73 75 57 74 63 29 83 32 92 37 23 9 2 60 10 97 70 58 30 78 16 45 7 61 53 95 93 11 21 35 39 46 10 97 72 25 78 55 57 70 93 32 32 0 44 42 44 15 52 74 45 68 71 4 29 25 99 74 88 72 
10 28 18 72 77 90 98 55 98 55 78 91 40 10 86 84 4 83 99 56 57 96 77 29 0 58 6 51 33 94 23 95 74 93 67 51 36 17 59 34 25 89 25 65 51 63 49 55 46 1 63 56 97 92 37 50 51 95 1 84 89 77 31 16 70 50 67 6 68 78 40 45 67 17 10 18 81 11 25 79 64 41 87 14 33 24 64 36 19 65 72 61 94 3 0 65 6 96 23 74 75 16 71 94 33 81 65 66 44 42 
46 9 35 33 23 21 10 87 57 81 4 30 42 51 33 19 68 91 16 91 65 43 59 88 89 93 69 54 11 14 49 9 75 84 95 98 5 5 37 15 86 93 45 81 44 30 0 12 22 68 56 39 63 15 28 53 60 49 59 72 15 60 81 90 45 28 40 2 33 77 69 72 23 14 53 19 45 5 32 19 26 40 58 41 55 38 46 16 88 6 40 3 18 73 94 0 2 34 18 87 64 39 11 39 54 64 58 51 22 42 
70 0 82 80 41 38 19 88 6 7 46 46 62 64 19 56 80 73 43 50 61 59 89 72 98 43 89 8 46 63 51 16 63 33 49 56 23 68 44 29 27 42 75 89 7 47 98 39 72 41 89 33 52 78 58 2 74 47 10 20 10 13 89 25 47 38 81 70 58 78 52 85 72 79 74 79 78 72 18 51 65 59 84 17 38 42 71 64 41 34 36 3 47 25 80 46 0 14 69 73 92 73 58 16 52 33 96 31 5 66 
82 71 26 18 40 16 61 64 80 54 98 16 58 97 94 38 96 9 4 17 83 48 90 93 65 42 26 61 73 84 79 7 7 5 26 99 21 39 63 53 93 13 70 3 63 64 94 59 25 98 76 60 47 18 54 12 60 80 25 86 16 4 93 23 10 71 23 83 10 38 37 56 52 7 59 15 23 53 26 0 4 54 61 51 72 15 63 84 47 88 22 64 92 68 87 54 39 0 38 2 1 75 58 5 34 17 72 9 23 98 
9 27 4 70 78 76 37 93 12 85 33 35 1 77 3 40 32 94 3 22 96 56 49 54 61 83 24 33 44 47 83 53 26 87 76 4 15 13 49 27 50 34 14 51 11 69 92 95 64 47 17 12 3 66 67 16 1 91 1 45 90 84 51 16 23 79 72 38 92 73 17 95 7 84 98 18 53 90 14 69 89 83 82 92 2 1 60 55 44 61 1 34 45 4 2 68 83 26 0 27 99 28 22 6 12 73 76 65 63 42 
87 53 78 69 97 80 70 58 35 66 19 88 0 17 92 54 37 27 80 96 55 79 24 29 37 36 2 65 53 18 8 92 23 86 61 20 18 83 30 53 49 50 94 1 19 38 7 56 66 87 52 73 18 28 2 7 16 57 73 22 75 81 14 50 19 28 70 37 63 53 42 13 55 88 66 74 27 74 30 93 13 35 66 32 63 20 39 80 77 64 2 4 97 68 54 16 96 77 5 0 82 0 25 37 88 43 11 15 17 41 
8 83 28 26 67 92 47 58 24 76 23 78 33 20 46 39 37 43 16 94 55 50 94 80 87 35 23 98 50 93 92 11 76 20 89 95 12 36 53 88 65 76 66 98 97 65 37 86 8 6 32 15 56 79 95 44 14 70 94 16 15 86 79 43 59 69 38 23 5 92 12 22 68 30 20 17 95 10 55 55 16 88 70 24 19 17 20 33 88 15 49 3 53 29 99 12 50 37 36 55 0 0 30 50 30 50 19 26 12 27 
81 80 15 4 5 86 21 25 19 61 92 20 17 46 1 16 58 51 53 46 59 35 46 89 37 77 91 8 55 56 35 36 36 2 92 41 88 14 19 59 27 11 80 44 9 33 60 20 85 66 66 96 53 13 37 42 42 80 50 97 36 38 85 73 40 78 66 81 44 85 40 71 49 72 16 58 6 28 78 43 46 97 39 51 10 28 93 4 8 96 1 45 34 86 70 26 64 36 7 8 74 0 32 23 72 48 33 30 28 64 
73 27 61 64 78 23 92 72 27 53 20 28 98 54 66 68 32 83 4 92 43 30 92 75 53 16 75 39 47 4 3 20 31 16 37 61 39 81 85 18 34 5 98 32 11 64 52 44 47 9 36 91 39 80 66 45 96 94 84 43 98 87 16 81 55 53 94 94 86 80 12 21 85 10 5 97 26 58 93 26 67 29 17 58 9 35 3 57 29 87 1 79 26 69 12 81 74 7 27 60 39 91 0 24 53 87 73 80 97 66 
6 16 47 75 74 8 62 78 66 92 65 67 23 44 88 88 25 62 47 53 22 86 96 4 10 50 43 84 30 40 2 88 56 50 63 30 58 25 60 76 69 26 95 45 70 83 33 47 45 80 52 68 66 49 24 28 99 19 64 81 11 19 69 19 69 84 1 79 61 62 56 31 40 3 76 62 87 61 9 84 93 14 52 11 63 28 91 14 47 56 95 10 75 16 29 96 0 31 27 61 93 35 44 0 39 72 95 78 33 56 
62 78 70 15 89 33 95 81 47 95 89 94 5 16 10 35 64 10 66 91 24 59 27 68 44 18 41 91 96 26 47 58 5 18 25 46 3 21 79 51 16 68 97 73 36 8 8 0 70 26 92 94 37 71 15 81 41 56 72 37 34 20 47 39 90 73 38 93 46 17 96 14 38 94 87 74 54 48 75 24 74 19 71 12 42 86 93 83 94 18 72 28 90 19 20 80 92 58 73 38 27 22 52 65 0 92 40 70 40 67 
46 14 86 17 26 80 3 72 15 97 42 87 78 32 6 98 64 51 8 89 41 35 11 46 53 79 38 93 1 78 12 48 44 50 65 23 30 21 47 45 70 89 84 48 73 42 98 37 93 58 26 87 46 90 33 99 21 23 44 23 1 56 71 97 6 88 20 88 61 19 33 84 60 69 32 33 11 83 22 5 93 1 92 39 91 77 38 12 0 34 87 53 90 10 50 96 99 23 36 12 94 69 96 55 38 0 88 2 64 11 
7 9 64 51 49 55 80 39 19 80 74 7 33 64 17 35 13 68 10 49 33 5 71 29 60 61 10 0 63 26 63 22 36 27 73 37 82 53 76 54 85 50 13 70 15 30 58 80 51 68 29 84 25 52 65 85 14 28 86 29 6 49 52 94 29 77 31 11 83 8 17 68 58 30 39 25 13 97 5 64 17 87 0 43 39 65 80 5 93 18 35 0 20 39 94 49 16 78 60 99 86 30 68 96 60 59 0 73 8 31 
89 25 70 89 20 10 7 1 67 52 19 54 52 39 93 99 88 10 29 1 61 67 83 81 63 43 92 89 69 0 21 58 78 91 0 50 53 7 51 73 11 23 27 64 14 73 15 55 83 96 8 96 63 91 78 26 86 70 68 55 23 89 66 1 32 18 51 38 77 55 11 88 78 90 4 44 63 71 99 98 67 7 95 30 50 73 9 37 43 77 92 18 18 10 19 50 28 23 88 57 78 51 46 8 42 50 52 0 22 52 
4 89 11 99 72 62 24 81 99 19 58 43 38 28 6 57 78 86 32 19 44 62 22 90 70 64 92 75 70 66 79 26 8 90 25 80 4 49 13 55 20 71 51 58 51 57 68 81 43 0 0 39 63 23 29 85 39 74 60 61 40 39 87 0 82 64 32 86 65 45 94 86 68 45 44 19 2 12 1 97 65 53 37 28 28 18 13 68 92 26 29 85 65 69 37 99 33 70 86 51 15 80 37 84 77 33 3 79 0 56 
76 63 10 65 43 38 84 8 6 28 34 88 65 52 57 55 51 42 25 89 93 92 21 82 76 98 16 32 29 66 88 58 29 98 23 24 89 59 84 95 88 71 35 5 23 44 60 26 87 37 68 32 30 89 15 6 40 83 90 69 49 79 27 30 29 3 6 18 62 90 66 2 61 1 8 36 98 20 15 37 58 83 69 88 24 36 46 16 71 37 38 72 68 65 2 49 20 60 20 83 51 86 37 64 39 45 53 37 18 0 
