150
0 75 72 15 87 0 12 71 26 39 83 91 84 87 36 48 71 90 69 94 80 99 82 14 73 72 54 98 50 1 42 64 28 14 80 67 66 44 38 92 83 73 35 19 60 72 19 84 14 88 78 94 40 12 8 65 37 62 16 87 15 10 4 95 77 36 62 43 32 52 88 67 26 23 38 86 95 57 22 61 98 1 56 38 65 16 55 2 79 71 42 46 82 98 42 59 86 4 54 18 57 42 85 35 66 23 73 13 80 96 75 78 97 83 68 14 99 24 17 30 47 11 77 81 9 19 92 95 75 47 65 84 89 50 19 7 25 93 73 57 41 48 88 90 31 56 4 82 32 73 
13 0 84 42 61 45 13 54 92 88 1 57 25 42 7 44 2 84 89 75 42 82 23 30 72 6 38 77 40 71 50 53 51 87 95 64 32 8 18 77 49 71 34 74 66 94 70 68 78 12 43 72 94 18 2 67 76 41 96 16 64 98 22 67 85 69 31 70 30 2 47 79 73 33 5 91 27 27 59 58 91 54 30 86 24 85 5 0 78 53 69 42 51 43 9 89 12 92 11 94 94 10 25 20 43 30 11 23 10 23 81 1 29 63 39 54 48 44 6 26 97 27 68 1 70 29 90 35 22 1 29 68 11 55 40 6 37 52 29 47 27 10 49 56 74 88 62 74 85 69 
1 34 0 21 35 19 3 77 54 77 30 83 45 93 90 86 0 28 90 29 75 69 92 76 77 18 17 40 92 54 61 93 40 9 67 76 28 70 5 34 47 36 70 44 29 60 82 81 40 72 11 68 41 55 96 19 73 13 11 65 19 72 11 60 33 30 88 62 52 93 48 51 81 18 95 63 31 78 44 71 2 55 91 96 62 88 67 35 1 30 53 73 2 64 33 35 94 73 49 46 18 50 97 52 20 44 15 51 74 59 75 29 67 66 25 29 54 44 17 8 74 70 33 28 34 18 15 80 91 17 78 9 67 27 13 87 23 28 91 98 40 18 79 7 84 56 88 91 0 5 
51 26 75 0 6 61 2 73 93 93 90 23 54 9 2 68 49 78 48 92 28 88 10 7 47 46 63 36 37 15 93 88 93 21 24 99 34 26 72 80 71 15 55 26 76 58 46 25 88 94 69 16 35 79 23 82 78 38 70 15 53 64 56 46 37 80 97 71 59 21 3 30 36 59 8 65 69 6 90 57 53 12 73 88 91 48 22 21 86 93 37 39 9 45 37 46 77 34 69 36 55 25 19 44 84 27 9 5 34 51 62 87 15 87 75 7 35 97 28 21 42 17 12 51 14 49 49 92 35 71 80 42 96 99 86 32 79 47 37 65 51 99 52 66 38 79 25 73 28 6 
94 71 75 58 0 90 7 76 34 42 47 66 84 95 18 23 27 97 22 64 62 73 15 66 40 53 45 17 78 25 23 24 48 99 82 75 89 89 51 75 83 50 41 19 45 59 42 72 8 65 88 22 90 3 88 30 8 85 48 86 11 23 62 11 22 44 86 63 85 37 38 68 87 32 87 84 43 82 56 4 99 96 26 89 51 67 20 59 52 20 97 15 43 59 27 18 3 13 81 40 3 72 8 42 56 48 27 51 30 35 55 29 32 34 18 83 1 90 95 53 62 92 21 58 4 48 76 59 13 9 0 16 33 60 59 89 8 86 93 90 21 48 71 5 82 42 89 83 84 84 
89 47 28 10 5 0 10 33 44 23 42 96 92 28 56 51 17 17 89 62 7 62 11 31 68 45 73 57 81 9 93 22 56 73 84 13 58 94 46 2 69 41 50 61 69 6 12 38 75 53 1 35 16 64 66 36 9 91 45 42 0 38 64 57 11 48 22 21 94 69 75 64 10 25 25 31 84 90 69 59 95 70 94 11 86 60 47 48 51 44 90 4 82 7 13 46 7 35 19 2 56 95 18 18 20 95 49 4 85 19 16 81 41 10 44 28 71 44 76 74 88 18 30 23 25 43 21 85 79 40 39 35 35 57 54 8 52 55 64 90 74 80 23 68 91 67 48 14 63 76 
40 52 46 71 27 24 0 48 9 97 40 48 85 76 5 91 36 9 46 0 99 73 33 22 41 24 42 41 90 5 17 30 9 63 53 88 87 20 88 48 17 29 96 2 57 53 93 93 63 40 45 62 13 78 37 6 54 31 47 44 88 16 75 50 31 80 38 71 0 27 19 18 8 16 72 65 69 18 10 84 58 55 47 23 86 36 81 40 67 80 85 7 48 12 57 79 92 96 50 93 75 70 63 83 38 87 48 59 5 58 44 15 65 43 38 3 79 71 44 98 51 81 5 51 93 15 31 37 11 33 82 38 55 45 21 93 85 69 53 90 79 97 6 96 40 96 0 71 20 96 
21 23 77 78 75 22 93 0 59 56 91 42 94 47 39 15 92 24 36 97 15 67 46 73 16 86 21 16 9 93 12 82 17 41 61 92 63 6 50 22 15 93 64 9 92 4 77 85 80 65 82 47 85 29 20 1 67 94 69 29 87 33 11 56 74 24 0 37 83 50 11 98 96 76 59 88 32 88 73 12 6 8 60 91 37 32 92 56 78 13 85 18 46 49 74 20 73 75 9 8 77 20 6 73 48 18 14 32 6 87 45 12 47 57 3 84 41 47 93 20 60 78 38 58 79 12 78 53 39 39 13 17 60 20 90 8 38 56 93 96 44 38 61 91 47 64 28 88 64 73 
60 76 3 98 35 83 63 65 0 2 5 1 19 17 73 62 77 63 18 70 60 14 8 21 58 7 37 38 96 53 63 56 30 66 7 17 49 70 34 89 24 39 91 96 56 64 10 34 28 80 4 40 95 65 61 5 72 50 95 20 4 58 29 86 24 36 55 26 58 89 15 82 81 6 78 37 23 40 23 3 21 80 43 68 45 56 73 69 6 20 42 62 78 71 0 54 59 55 80 17 45 96 51 78 54 82 15 29 22 91 32 43 71 27 11 68 35 36 89 42 56 31 56 34 2 57 89 13 12 21 30 9 69 82 39 24 16 55 5 38 98 90 34 69 17 97 89 53 34 78 
47 90 10 3 77 64 12 18 78 0 91 60 38 61 94 78 37 10 85 42 1 83 32 35 4 50 32 93 55 18 23 2 61 33 57 90 50 22 8 80 99 51 40 37 12 35 15 49 97 52 92 98 35 76 85 39 78 18 84 33 36 8 87 49 93 97 39 43 19 47 75 70 51 16 7 63 3 75 65 0 27 57 51 15 85 36 6 64 6 43 49 43 51 89 92 96 38 84 40 57 83 67 27 34 83 86 98 38 13 63 91 93 72 42 8 57 78 14 73 85 57 75 80 60 16 24 57 54 8 49 63 92 16 90 26 52 28 76 90 42 39 81 35 63 75 95 73 6 61 46 
91 71 73 23 31 89 47 40 43 8 0 6 52 58 48 78 62 29 7 52 23 46 86 58 62 13 5 35 19 66 33 62 37 7 85 21 48 85 61 92 93 3 50 97 61 51 27 75 80 34 79 3 33 17 13 95 31 18 30 50 84 63 13 22 22 50 43 71 35 56 15 80 59 17 77 72 68 57 47 48 91 27 51 24 44 64 19 27 34 1 78 19 17 43 93 91 45 36 14 81 44 29 13 4 47 43 76 15 0 76 16 91 55 19 68 99 36 39 79 70 41 57 89 10 52 82 1 97 70 16 30 15 97 96 71 44 39 99 12 91 75 28 82 30 47 2 82 35 42 61 
6 83 70 95 93 74 30 46 71 52 62 0 19 60 50 90 56 89 90 20 32 17 48 14 48 48 69 82 35 11 43 41 46 65 89 91 39 71 37 62 23 52 16 95 12 66 37 20 7 79 41 39 97 41 6 97 41 75 79 77 86 74 18 32 91 59 23 30 30 12 92 54 64 9 1 28 27 38 49 87 18 42 26 67 35 84 64 77 11 95 6 49 21 76 33 12 36 8 42 66 21 86 72 85 95 73 66 75 12 15 62 82 9 40 49 44 25 65 73 88 60 79 38 33 56 71 97 44 80 39 10 1 77 83 38 25 8 4 0 72 71 62 54 32 54 55 77 31 20 2 
20 32 82 58 65 90 81 62 34 13 53 96 0 83 79 5 8 40 61 8 12 33 22 67 17 76 22 94 8 95 49 80 27 83 90 45 25 23 59 59 37 65 7 3 48 39 8 56 79 70 16 91 55 38 10 72 66 33 19 26 80 20 6 7 3 48 52 28 72 12 39 9 77 46 12 77 85 73 33 16 43 49 8 50 87 70 74 5 55 45 32 35 65 90 43 68 39 47 48 11 11 87 20 88 86 84 65 23 57 50 40 52 99 0 54 38 70 29 96 78 26 28 13 92 18 56 12 57 56 61 20 67 0 92 8 86 77 73 10 86 76 2 39 27 54 93 18 76 74 14 
54 1 42 68 45 60 76 9 70 32 22 42 0 0 35 8 61 64 33 23 50 9 77 89 37 31 35 55 8 9 69 62 62 63 30 59 75 7 69 97 91 43 40 91 18 75 51 80 39 85 55 41 46 33 31 35 64 18 42 24 79 63 87 42 26 69 53 2 28 74 51 20 18 91 63 36 18 15 68 57 52 24 99 98 9 82 34 25 0 76 50 79 40 89 73 18 58 27 72 39 53 24 11 71 15 74 60 34 41 80 43 93 4 94 92 65 28 78 91 28 6 93 60 98 34 85 17 44 64 89 83 18 65 94 41 81 21 1 67 62 82 62 8 38 57 0 56 37 30 99 
66 36 92 78 35 78 63 4 22 80 45 6 98 11 0 39 44 73 93 63 88 27 25 96 65 34 48 73 72 78 72 90 66 64 20 53 42 83 9 17 63 55 23 13 18 27 5 14 53 98 77 41 25 54 37 42 89 37 16 13 15 40 3 33 57 23 87 51 58 96 68 74 3 43 39 73 71 44 87 24 94 16 17 71 71 6 14 12 43 82 25 10 22 80 43 79 55 82 31 65 31 51 39 34 95 31 60 66 75 47 42 70 64 59 41 87 65 7 51 8 41 76 18 16 8 61 47 63 96 30 28 27 82 20 13 77 51 73 43 78 21 85 0 37 96 42 76 61 1 27 
69 43 55 39 11 63 52 58 78 48 89 58 75 71 30 0 0 33 62 95 12 35 32 64 24 28 6 0 89 60 79 10 55 34 49 66 49 1 24 79 50 65 38 77 88 20 66 88 54 81 83 18 68 15 82 93 95 41 45 84 1 25 46 56 59 95 74 61 97 98 40 99 16 30 76 4 51 95 45 57 76 28 27 44 96 9 89 43 2 35 80 3 60 26 11 71 22 85 32 71 36 25 70 4 55 98 8 58 93 53 15 21 34 42 66 82 4 7 25 6 42 5 62 54 32 25 26 6 63 10 77 51 35 99 55 43 97 15 1 43 69 69 64 55 63 82 89 67 90 66 
26 84 24 88 39 56 65 65 14 28 27 43 79 15 42 86 0 91 2 11 86 23 32 51 78 96 33 19 15 75 85 93 60 9 33 99 17 99 16 83 27 95 26 59 10 20 45 20 12 99 84 98 22 16 1 52 64 87 71 32 62 9 25 74 70 59 25 88 58 41 71 37 89 50 48 99 70 94 20 34 45 4 85 68 72 86 20 37 73 44 69 88 5 94 62 75 5 40 15 63 33 87 53 22 89 1 22 59 47 94 94 93 50 79 61 22 65 33 11 91 29 32 31 34 79 45 10 84 85 25 48 19 64 53 41 53 54 15 65 2 9 59 95 59 90 8 34 7 93 45 
98 23 78 81 9 57 27 71 41 12 49 41 31 13 46 25 19 0 40 84 3 2 95 50 61 85 10 95 44 3 93 95 78 23 76 88 80 3 59 73 16 60 67 99 26 13 24 45 66 17 81 69 19 28 71 32 65 81 80 9 85 73 4 15 96 81 3 28 36 15 1 52 75 20 4 1 86 28 98 52 97 31 74 16 59 45 49 76 79 29 38 64 54 42 31 50 75 35 30 12 2 83 16 29 4 20 83 42 1 81 94 98 65 68 67 76 14 68 53 93 49 91 9 3 85 92 5 13 27 35 77 81 18 93 11 74 66 94 16 19 27 63 69 92 31 36 69 97 56 74 
42 5 17 3 8 2 96 65 67 75 0 44 57 71 38 20 97 56 0 66 27 45 29 96 38 60 85 59 10 41 85 52 99 2 56 7 56 52 25 24 79 77 68 36 48 58 8 98 66 26 64 93 72 93 90 62 5 27 73 15 20 58 68 19 12 24 79 68 28 4 44 7 81 65 96 30 23 56 80 42 83 44 35 55 37 77 69 42 56 42 58 77 0 78 96 12 54 75 32 82 79 29 41 61 94 89 43 17 98 23 11 81 19 47 88 8 76 57 50 33 51 60 10 51 90 6 15 44 34 99 78 65 28 72 26 22 61 21 92 11 96 3 44 67 2 84 75 79 93 78 
12 44 38 22 95 29 80 62 25 14 62 4 80 90 76 58 65 89 32 0 1 80 12 97 48 15 82 23 94 75 1 58 20 92 80 67 73 12 30 50 79 44 54 11 34 82 21 51 72 53 60 25 86 73 22 86 88 4 9 34 32 63 92 52 7 24 19 32 36 1 82 67 45 89 78 32 71 0 83 43 5 44 20 43 17 95 29 57 99 39 91 83 54 35 35 13 59 7 45 47 60 79 15 6 68 93 38 40 45 73 35 51 17 56 94 86 51 76 95 2 15 38 86 21 73 73 34 84 32 31 32 93 10 99 99 79 44 89 19 90 62 6 93 32 62 39 70 65 15 18 
68 82 56 6 3 82 31 89 66 64 20 50 9 31 1 60 62 46 49 33 0 63 39 81 47 54 20 70 19 88 88 39 70 96 97 26 78 29 15 97 45 36 99 54 19 1 14 81 47 15 14 35 30 5 16 30 59 88 0 79 76 40 18 47 36 16 25 15 97 40 64 94 28 63 48 47 64 14 28 63 81 94 98 63 0 66 93 59 55 45 90 83 85 61 82 22 77 7 89 26 48 53 20 28 68 20 76 33 86 56 48 67 3 99 30 3 65 76 14 72 21 5 8 7 18 90 81 47 50 70 73 50 75 45 78 43 65 54 28 3 63 77 70 66 76 52 21 93 80 87 
66 2 44 26 61 62 16 42 9 18 64 82 68 91 79 47 34 44 53 63 99 0 92 21 34 20 74 55 13 6 43 31 8 87 57 69 50 26 63 59 44 27 94 13 70 73 12 5 70 17 20 69 34 12 91 68 32 17 76 97 23 19 29 32 58 38 53 8 64 69 20 9 48 14 74 19 87 38 24 9 55 96 79 41 60 70 62 44 39 38 41 62 9 70 46 67 9 52 28 25 21 48 86 69 14 60 88 53 50 64 63 6 60 42 47 72 64 61 16 55 99 58 17 8 80 16 76 41 68 4 67 41 4 53 62 18 66 3 71 16 19 34 22 80 28 22 4 44 83 21 
99 35 79 69 43 11 85 71 53 5 27 20 98 31 25 60 1 91 63 73 60 83 0 34 15 88 56 19 32 92 92 84 27 71 53 22 83 38 94 88 95 73 60 93 57 85 53 58 29 69 31 89 4 91 75 19 31 32 90 15 76 83 99 55 6 52 77 41 42 23 29 37 97 89 30 6 27 84 64 8 5 48 49 9 91 24 80 22 8 70 89 84 5 89 39 64 41 17 5 36 92 35 73 41 76 4 47 55 40 12 63 45 12 12 54 3 37 34 77 97 56 66 82 62 7 73 78 1 42 83 37 35 70 10 76 99 66 76 54 6 40 18 3 52 82 57 7 71 43 84 
69 0 2 3 14 10 76 92 11 19 27 48 6 98 10 34 97 77 10 3 35 50 73 0 2 56 96 9 79 92 45 48 92 48 51 58 10 80 2 21 99 29 21 57 27 83 91 76 12 2 32 48 52 5 87 7 61 35 68 41 27 14 41 71 14 45 29 24 25 31 97 76 13 70 33 92 53 24 21 66 78 53 14 31 58 53 90 72 88 10 65 68 76 6 39 90 51 21 66 28 4 63 4 17 33 37 10 39 62 31 5 40 84 71 23 42 24 65 66 64 76 31 32 52 38 72 95 41 93 61 70 97 77 74 67 62 64 77 1 78 8 6 70 44 77 94 38 53 11 5 
18 39 36 50 44 26 74 91 20 67 52 42 17 81 16 84 44 32 13 45 10 73 4 81 0 33 27 55 87 38 12 5 78 1 7 74 27 82 65 99 1 69 41 70 51 10 54 95 42 19 92 53 92 96 34 9 30 61 17 69 99 81 26 29 82 33 55 62 67 20 61 69 90 3 39 93 13 46 40 55 65 32 8 58 29 94 19 11 55 88 80 7 70 58 88 4 91 44 66 11 16 28 80 6 83 71 51 48 69 91 3 35 24 64 45 5 10 16 68 66 57 0 73 79 58 13 83 1 57 50 12 74 30 44 32 13 16 84 61 37 75 16 72 51 32 69 56 43 38 76 
9 95 76 34 74 34 47 9 36 57 59 48 83 89 45 67 54 13 51 15 50 79 84 75 82 0 96 91 59 34 67 20 81 44 54 7 78 54 17 66 63 28 15 46 18 12 13 24 25 17 40 75 48 76 50 30 92 47 73 52 33 41 24 15 85 79 74 15 85 91 82 48 20 49 46 90 61 11 66 86 80 6 61 28 34 64 11 27 11 84 31 44 25 55 11 62 86 86 30 71 29 12 71 1 61 69 43 74 33 10 12 13 68 25 42 3 89 5 30 52 89 13 49 67 68 12 29 55 98 11 78 80 23 2 81 36 23 77 62 56 87 74 70 55 0 64 10 41 69 92 
94 10 5 95 77 26 7 59 33 58 70 63 38 46 65 71 82 41 48 45 97 35 71 19 43 71 0 53 13 4 98 59 15 3 54 44 81 13 3 14 71 26 78 9 72 95 81 54 36 81 51 86 17 23 57 60 94 41 65 59 97 63 70 64 19 76 9 0 90 12 67 13 38 97 75 62 44 8 17 33 89 20 19 6 43 76 18 90 69 36 1 19 51 72 83 70 0 92 23 90 57 42 56 95 39 31 10 35 39 27 68 28 47 39 35 43 16 5 85 37 41 86 56 93 10 40 15 11 84 90 53 41 32 9 89 23 40 99 59 79 26 27 8 25 19 95 20 87 0 5 
24 42 44 33 87 54 25 54 65 9 45 19 51 29 80 40 53 21 39 64 0 17 43 60 94 62 55 0 49 56 72 74 50 16 59 89 23 84 43 88 45 88 59 96 18 40 88 23 61 79 87 13 48 30 74 43 93 81 62 94 89 34 68 91 3 79 80 26 15 24 66 61 64 78 57 34 18 98 57 31 77 96 96 26 27 22 21 72 4 35 66 45 69 87 37 24 18 69 2 34 45 69 95 10 99 4 96 17 2 54 0 32 2 96 10 81 71 83 53 27 18 72 72 39 11 9 64 29 79 18 63 24 39 58 86 38 63 83 7 17 89 7 1 91 56 11 73 27 46 78 
54 64 2 78 4 13 88 20 43 19 90 58 95 30 69 82 68 84 17 28 1 6 35 3 49 43 66 22 0 13 53 76 29 55 55 33 69 95 5 64 66 96 74 61 78 43 95 98 27 12 26 81 70 62 36 20 5 2 94 28 67 47 56 97 55 63 82 76 10 40 92 76 88 66 90 66 10 37 64 89 2 91 70 72 5 6 44 62 61 91 42 80 90 51 29 45 14 12 21 77 4 65 53 92 32 95 10 94 33 74 35 35 17 6 59 22 64 4 85 77 47 27 10 37 30 39 83 45 3 56 22 7 22 27 51 6 75 61 0 60 36 87 95 53 93 6 28 10 62 13 
39 9 92 49 47 23 89 82 20 92 90 94 52 64 73 3 70 48 65 22 8 53 10 55 6 55 14 34 17 0 99 57 86 44 58 85 19 99 19 39 44 61 85 96 26 58 51 48 59 16 71 19 69 33 75 28 40 89 14 58 17 66 67 55 10 77 40 81 77 11 72 21 73 57 69 51 67 20 99 26 37 22 46 58 7 73 38 48 14 53 58 31 71 25 87 81 2 79 14 31 91 86 52 16 43 21 19 10 94 18 89 31 93 35 41 0 60 80 48 74 85 58 5 56 83 44 89 38 24 3 69 67 89 74 35 84 47 54 46 41 24 35 24 17 22 66 18 82 98 18 
56 83 77 14 39 12 58 28 2 34 83 72 53 72 98 88 8 97 94 54 39 19 42 15 88 64 81 6 47 31 0 55 14 54 69 5 18 80 85 21 14 68 45 20 92 43 60 52 40 55 7 31 26 1 47 14 65 80 73 64 12 50 20 78 56 41 36 74 21 21 47 36 42 92 8 86 87 68 39 80 23 98 11 49 99 10 16 16 91 89 81 55 39 53 85 95 94 21 21 16 95 69 4 89 13 12 75 1 80 66 81 4 64 92 5 15 3 21 32 46 62 65 1 1 18 86 48 12 60 22 80 55 43 84 96 56 96 71 57 29 38 90 33 54 35 90 70 90 64 2 
36 26 67 89 80 37 27 28 49 87 50 30 94 93 66 90 2 63 14 59 92 52 2 77 6 37 19 28 27 35 30 0 14 49 4 94 86 31 74 88 19 77 70 65 22 36 56 24 51 22 36 95 74 38 24 32 75 96 61 2 31 43 17 45 93 21 91 31 52 66 71 23 43 41 41 65 30 49 90 33 71 26 29 97 16 5 29 91 1 42 45 85 86 14 82 31 87 74 14 91 40 86 67 83 79 8 48 61 57 90 95 80 68 76 77 84 81 6 27 35 1 24 72 39 38 54 70 25 28 36 69 68 74 36 3 54 44 52 67 53 94 62 33 63 90 10 99 24 68 27 
11 69 3 83 60 94 37 30 19 66 19 88 86 93 76 90 99 20 94 67 73 88 81 58 3 24 68 3 48 89 82 59 0 85 94 71 79 31 53 51 49 72 91 36 66 68 26 17 40 72 84 14 60 18 72 64 42 93 19 90 34 1 1 44 38 95 67 18 78 21 21 28 93 12 16 11 32 94 29 73 66 65 39 26 83 63 42 25 56 13 67 42 14 20 39 5 67 6 75 46 27 96 26 73 60 42 36 93 36 17 66 2 83 5 80 18 68 75 96 77 88 63 71 55 36 10 12 3 17 87 1 96 83 79 21 43 21 58 88 9 75 6 63 10 11 96 81 32 71 77 
61 11 92 32 18 28 43 30 84 12 69 37 8 52 17 30 48 90 40 88 0 67 95 15 78 58 11 11 90 34 88 3 98 0 88 16 61 83 99 97 95 20 34 3 25 51 85 73 94 25 13 94 93 8 9 23 67 73 34 9 7 74 13 5 54 1 74 67 36 25 64 31 97 51 86 22 2 72 47 96 49 61 42 42 69 4 17 36 29 3 46 36 77 11 94 84 64 20 51 0 97 68 31 94 19 69 17 73 41 64 22 43 25 16 85 47 20 55 83 1 58 81 38 88 92 84 72 8 56 75 8 53 43 91 99 14 61 68 88 2 85 62 45 62 78 83 9 51 90 45 
52 0 26 42 88 71 26 60 79 34 88 40 39 83 31 39 98 92 59 38 47 44 0 44 7 30 79 68 81 69 13 34 22 92 0 10 15 7 23 46 41 11 86 81 94 70 72 44 62 31 82 61 28 34 58 87 65 37 7 46 59 21 32 81 65 13 43 80 20 66 26 61 29 65 94 24 35 66 68 49 50 3 11 30 37 69 17 2 58 24 1 69 97 85 50 62 98 46 94 18 12 21 32 42 38 26 18 73 45 38 22 95 41 85 25 31 54 94 85 65 18 86 34 68 24 85 82 22 83 77 93 95 50 25 89 88 3 7 61 48 98 35 95 39 21 72 22 27 66 8 
92 37 46 27 57 70 64 39 45 47 16 38 42 66 15 84 6 70 43 19 71 41 55 66 33 76 91 55 55 9 63 48 46 10 75 0 80 91 95 25 38 11 15 32 30 82 16 36 53 60 8 24 53 63 90 86 91 33 42 46 43 57 94 41 67 21 97 0 12 92 77 50 55 93 35 37 75 3 26 28 63 34 4 17 49 47 3 40 80 97 86 23 55 33 65 22 6 62 74 19 6 52 21 61 97 56 51 24 60 77 5 75 63 9 44 12 56 0 52 37 97 90 60 4 75 25 79 82 39 53 53 45 57 74 59 54 83 10 79 95 39 84 70 2 93 67 66 2 67 70 
39 16 12 51 21 40 29 0 22 68 53 27 66 11 1 25 17 36 87 96 31 26 32 54 80 78 21 98 80 88 68 71 4 80 22 25 0 51 77 94 72 83 21 38 46 75 63 63 63 2 12 95 80 44 49 12 74 22 10 54 10 78 25 66 10 0 44 83 3 21 29 75 4 3 13 50 30 28 66 93 82 78 40 62 74 41 74 49 63 84 55 25 14 33 92 77 33 36 12 36 9 41 64 66 44 29 16 26 58 82 20 40 12 60 55 87 2 29 36 65 14 43 43 80 76 35 57 9 23 69 98 84 63 62 50 59 43 67 86 1 1 6 94 14 66 49 53 20 30 89 
38 96 32 81 77 61 16 86 22 91 8 20 75 71 34 26 30 78 45 16 31 98 74 77 64 93 78 17 13 9 6 51 5 91 84 34 4 0 21 26 43 29 47 71 52 33 49 82 63 46 51 47 44 25 24 9 70 3 78 84 12 85 87 69 28 24 4 84 76 25 10 72 6 9 43 58 43 44 92 58 90 95 5 86 73 30 47 43 85 26 79 49 63 19 18 43 43 22 27 19 99 37 91 5 47 86 15 42 30 8 0 72 3 6 59 76 88 58 72 73 84 51 22 47 70 92 42 13 67 69 33 66 59 76 24 6 63 91 0 45 51 0 18 55 58 77 83 46 35 7 
19 72 59 93 71 29 86 14 95 53 35 80 71 94 56 47 52 71 39 52 17 90 5 87 97 63 64 33 10 51 40 81 75 99 27 47 81 65 0 28 18 0 8 41 95 16 89 99 40 28 4 57 18 9 44 16 72 60 49 34 63 41 68 91 41 95 90 74 60 3 2 30 3 10 71 50 78 12 2 18 92 6 27 11 15 23 79 39 83 80 26 99 21 94 90 14 89 80 88 1 35 42 31 90 52 54 93 83 19 95 1 11 1 29 74 68 52 53 59 88 85 85 39 59 79 29 25 20 61 14 21 48 8 4 38 13 11 31 96 82 78 97 93 79 78 68 99 31 73 59 
71 11 96 10 70 76 91 95 48 4 61 22 52 22 26 42 35 89 74 31 71 52 80 17 84 59 37 35 42 10 46 65 73 43 75 95 71 18 43 0 22 56 41 26 78 20 68 13 61 94 44 33 99 77 2 83 36 39 70 30 49 17 95 75 60 22 70 31 40 13 2 14 70 44 40 48 16 60 14 77 55 10 62 54 87 64 89 75 3 59 5 5 76 0 80 36 22 2 19 14 16 22 28 38 18 20 86 34 81 0 11 36 63 26 42 50 90 31 26 46 90 31 51 19 84 83 55 58 85 27 73 53 49 53 91 19 74 78 53 7 30 16 95 93 42 37 96 33 68 22 
31 10 5 82 29 89 17 37 48 54 64 73 8 65 78 99 84 4 29 37 11 12 53 6 57 48 43 53 33 63 75 64 74 33 98 3 22 15 92 22 0 56 47 29 21 26 29 57 30 10 94 94 22 0 0 80 0 96 33 33 11 61 97 37 94 47 93 68 62 85 43 83 42 90 65 15 68 94 73 51 4 19 45 79 71 97 59 71 93 44 4 57 57 53 94 3 0 87 72 14 73 67 50 67 57 15 82 78 61 7 29 17 27 74 96 50 71 7 22 17 4 78 74 61 84 68 65 84 8 89 51 81 8 1 48 17 68 30 95 29 90 24 98 69 50 95 19 22 54 93 
91 58 24 65 20 8 85 37 44 93 78 95 26 86 48 74 3 16 57 99 97 47 75 48 16 26 43 87 0 49 81 91 8 57 8 80 65 93 17 9 39 0 57 65 85 5 92 88 74 49 39 23 48 67 71 16 93 66 3 93 16 36 84 76 93 44 56 10 37 25 20 28 72 29 46 9 86 38 97 12 39 89 36 87 56 59 3 49 78 58 94 46 47 30 22 40 74 78 3 63 55 23 44 79 52 90 88 90 80 37 3 19 26 39 58 82 50 13 83 28 71 29 26 70 59 48 63 85 78 66 49 33 89 93 64 93 35 52 35 15 90 38 34 68 29 44 3 80 57 38 
60 80 68 87 51 79 87 14 65 66 80 66 51 21 11 16 66 98 20 1 13 62 40 99 83 69 43 86 1 0 24 14 80 44 1 83 76 40 97 93 6 29 0 10 2 22 78 68 20 50 22 85 13 14 84 96 35 79 34 37 31 58 3 63 55 4 47 31 96 96 24 3 26 35 65 80 9 43 49 81 93 23 66 58 37 2 54 72 33 40 61 64 99 64 79 6 20 26 89 17 75 65 72 53 0 37 33 61 32 34 42 77 57 60 36 46 14 42 19 47 83 32 63 34 49 42 40 69 21 29 38 48 46 62 1 46 99 34 59 83 69 53 61 26 13 97 25 27 91 44 
26 74 28 89 8 77 83 0 99 56 81 89 4 27 52 5 25 3 92 36 87 61 89 48 39 2 97 64 81 40 60 59 15 41 48 75 18 84 28 69 40 61 59 0 41 11 54 66 14 46 3 53 59 92 1 51 47 50 67 80 43 28 40 58 21 40 85 39 76 65 61 69 27 20 66 68 83 20 86 49 67 41 3 78 86 56 29 33 59 97 65 2 77 5 12 98 98 49 89 74 15 50 43 94 22 9 14 57 82 0 7 1 94 10 79 80 18 9 13 77 58 30 79 35 36 43 33 34 93 74 8 8 25 52 54 99 13 68 57 95 20 16 96 14 78 28 46 96 89 11 
26 47 42 57 34 78 1 19 64 94 93 24 54 70 28 8 70 42 28 79 89 0 47 38 67 25 66 13 73 55 25 99 2 19 57 88 97 58 7 13 4 0 37 58 0 66 18 93 60 98 24 49 50 71 87 17 96 5 83 21 60 60 21 14 79 78 2 28 88 9 41 92 62 78 50 85 96 20 78 56 18 54 58 68 25 45 38 73 51 21 94 63 33 67 78 12 97 32 40 85 94 33 77 56 63 79 41 60 51 71 68 69 77 26 90 54 24 80 79 27 53 73 90 86 93 20 50 90 53 42 76 99 75 5 7 38 37 48 50 88 71 19 10 0 97 52 54 21 32 33 
48 85 58 39 23 51 11 73 42 16 15 70 15 42 75 22 32 12 22 83 1 45 54 63 45 51 15 99 73 47 32 73 84 91 64 7 94 76 32 36 92 99 58 8 41 0 30 73 98 5 8 51 50 62 14 96 66 29 95 91 28 80 64 12 23 29 19 17 5 3 6 97 2 64 57 95 50 40 21 1 45 81 52 95 96 19 91 62 48 39 53 29 71 69 41 94 98 13 63 55 16 69 5 71 86 62 66 88 2 39 41 99 21 94 95 17 65 38 79 65 29 84 94 0 5 36 46 4 1 10 11 17 31 16 40 69 31 59 10 33 98 51 85 71 97 80 88 62 70 19 
28 0 55 74 52 61 10 51 17 63 61 28 33 44 97 73 66 28 32 76 13 83 79 98 6 77 30 47 91 1 18 19 53 74 46 5 87 8 56 56 72 69 84 5 66 33 0 32 61 63 60 27 98 39 25 4 16 56 51 8 9 22 79 62 96 25 19 35 34 76 91 58 97 27 63 63 61 93 47 22 56 7 1 6 47 27 63 63 35 66 23 44 88 3 6 36 80 77 71 66 5 14 24 3 42 87 18 3 81 66 77 89 73 79 48 72 58 11 88 93 77 11 89 18 66 47 54 99 24 78 65 30 92 90 85 86 29 3 89 62 21 19 4 47 50 52 19 60 15 59 
5 44 71 94 62 89 93 17 88 17 47 6 99 39 96 84 26 77 88 67 40 61 38 44 8 40 48 28 0 63 87 5 7 10 51 70 52 44 39 92 14 86 98 13 77 46 50 0 24 38 23 16 51 13 12 60 54 60 40 6 75 79 64 82 42 15 4 94 12 95 86 78 33 37 43 11 35 93 18 11 83 41 27 35 7 39 95 61 51 35 19 26 66 83 61 8 51 65 2 15 13 41 93 46 30 36 9 65 30 28 77 13 21 56 0 28 48 95 41 99 82 61 78 49 96 39 9 47 56 64 62 21 57 7 68 87 44 29 4 26 57 81 91 31 90 92 11 38 39 53 
89 22 66 67 23 14 58 32 62 67 96 76 88 5 84 8 92 80 38 97 6 95 30 49 78 20 41 90 10 81 43 0 55 61 19 78 75 78 62 89 97 11 66 85 16 2 46 61 0 84 10 40 31 40 89 10 13 31 0 23 64 95 75 19 56 95 97 83 25 11 73 22 22 91 59 91 93 5 52 27 89 62 67 21 54 56 83 67 39 83 43 3 78 18 74 86 65 23 69 90 35 94 64 57 85 24 48 30 81 52 57 23 14 24 96 69 33 79 36 24 62 31 80 40 2 54 78 67 78 99 10 13 94 74 22 31 50 23 62 32 75 71 55 90 48 51 11 81 82 99 
57 44 31 37 36 33 92 14 52 22 13 62 35 59 89 9 91 39 84 5 23 60 76 30 2 76 33 13 57 15 12 67 59 95 4 47 80 48 13 33 70 79 47 57 38 36 19 81 28 0 38 51 63 67 34 17 43 67 82 53 83 95 20 94 42 24 94 23 73 7 8 95 86 7 53 77 44 72 10 24 75 49 27 91 16 61 8 11 29 91 64 64 38 84 58 32 61 52 55 86 12 15 81 98 23 86 27 19 10 38 43 38 39 70 29 7 84 89 18 13 32 35 77 22 71 87 55 84 40 62 70 52 78 4 2 1 42 82 20 53 72 15 91 11 37 72 18 21 61 88 
34 46 75 63 68 47 51 23 31 43 86 54 95 64 58 49 17 52 31 89 5 55 56 48 66 93 20 36 67 82 77 53 80 52 17 48 99 20 24 83 63 10 37 10 26 47 59 95 99 43 0 57 98 92 5 17 85 26 53 52 60 82 6 40 35 75 40 86 95 64 21 58 26 58 68 4 57 79 99 9 74 35 66 73 27 23 42 13 1 47 17 61 30 75 53 65 50 46 3 97 10 25 55 89 35 75 93 93 7 93 54 81 28 72 54 8 95 48 73 49 96 90 62 26 18 16 43 20 14 46 18 24 23 25 65 59 53 59 4 60 4 58 41 84 82 48 92 29 96 65 
78 92 56 41 70 26 9 13 46 23 12 16 99 35 42 65 94 47 76 98 7 80 8 0 64 42 48 57 72 97 22 2 41 30 43 12 8 4 77 55 79 89 71 79 25 65 96 71 64 24 22 0 4 30 72 20 25 72 77 97 69 52 99 11 34 95 75 43 99 52 50 31 42 73 10 67 91 58 90 55 82 12 79 38 95 51 58 20 75 88 69 45 92 68 8 26 15 83 21 67 35 71 98 77 45 60 96 36 18 87 91 52 51 70 42 46 73 0 66 1 40 35 46 32 56 6 59 23 89 80 90 76 52 40 6 49 0 54 85 70 93 28 74 45 51 16 91 24 69 58 
25 9 45 23 42 53 81 53 77 22 33 19 99 37 12 5 86 12 11 23 35 5 52 61 50 55 78 41 31 47 51 57 8 49 32 50 54 14 3 31 36 89 3 87 78 15 44 65 79 56 40 66 0 44 28 63 99 6 56 31 5 60 40 13 9 24 64 63 90 19 47 79 8 2 66 87 17 63 4 48 71 96 15 84 41 43 47 92 1 3 75 58 15 15 71 24 92 87 40 82 59 87 13 19 89 80 6 58 95 62 58 66 11 73 50 4 68 49 96 21 4 72 79 20 39 3 96 31 90 36 66 49 75 79 21 16 11 79 26 6 42 85 24 5 58 26 9 79 75 5 
0 32 29 80 52 21 83 48 4 25 37 70 27 12 2 48 81 65 27 7 24 21 92 48 26 3 75 35 82 2 93 34 34 74 66 38 95 49 87 0 27 76 22 54 40 76 54 21 42 81 29 66 55 0 66 33 28 41 69 62 96 14 97 30 88 63 69 36 65 8 36 92 84 10 98 24 87 52 98 29 85 79 47 40 52 13 26 33 7 95 95 3 61 92 85 1 56 6 37 73 14 25 65 50 36 63 27 75 67 25 56 52 56 3 45 60 68 71 93 75 18 89 78 31 33 16 32 41 22 22 14 37 47 79 39 35 94 18 62 13 95 18 66 51 73 63 12 42 86 57 
69 4 46 0 87 32 16 19 73 38 93 88 27 93 19 19 80 66 37 43 79 33 13 97 84 39 60 48 33 98 6 2 54 4 2 41 36 18 13 62 9 6 2 36 99 21 55 32 39 45 27 19 78 92 0 62 31 81 63 64 79 69 19 34 25 21 75 14 92 88 76 1 47 78 89 98 51 97 30 91 42 57 62 20 50 30 34 33 11 97 50 91 18 69 25 96 42 52 10 34 93 38 35 40 16 77 38 19 74 21 62 68 30 24 88 32 7 74 66 18 24 68 61 42 37 38 90 79 91 0 14 36 38 1 76 6 30 66 78 4 87 40 24 70 65 12 2 72 39 20 
42 63 88 4 5 77 94 96 57 37 48 23 73 39 76 1 97 7 68 75 63 7 16 88 77 33 52 80 57 91 52 99 54 41 55 12 18 2 60 27 39 60 50 65 99 79 66 97 86 34 24 1 94 92 89 0 25 94 3 82 85 56 34 40 49 41 4 19 43 64 47 83 24 49 48 76 28 66 25 66 1 49 68 95 94 9 18 19 3 22 54 41 30 88 33 31 81 37 50 25 53 49 8 77 51 8 5 31 74 30 98 27 32 18 74 26 27 45 97 83 19 51 24 1 91 57 32 73 94 34 50 47 84 58 76 35 18 82 66 44 64 16 24 96 34 50 74 14 95 72 
97 66 75 73 67 19 82 99 92 76 34 42 75 70 52 3 5 22 37 23 18 2 40 94 50 26 45 25 40 92 49 89 59 24 14 78 43 96 78 87 24 64 81 51 34 85 55 91 59 44 14 78 98 6 72 49 0 69 26 25 14 27 67 25 3 81 3 99 78 33 86 54 97 20 6 83 5 13 74 65 57 41 95 56 99 19 57 84 41 35 10 55 62 77 80 65 10 35 16 40 69 3 95 18 75 1 54 32 14 80 49 23 21 44 79 73 16 88 57 57 23 67 12 37 96 44 55 59 79 71 99 0 26 94 71 1 47 77 34 61 57 35 85 31 32 16 4 48 5 61 
5 80 81 69 18 29 65 73 88 96 44 88 97 71 34 20 24 82 97 10 95 6 46 32 37 78 1 41 26 58 55 83 38 88 4 56 17 69 29 58 65 26 98 14 49 32 86 73 66 83 36 14 90 82 98 79 60 0 73 38 57 28 73 96 68 77 4 85 46 86 95 63 64 93 78 13 78 64 38 96 0 74 10 42 8 61 21 20 12 94 58 70 22 83 18 90 60 74 28 58 60 23 22 76 69 52 89 47 16 80 43 68 54 6 10 63 19 32 83 31 26 94 53 1 29 23 43 90 98 71 0 10 47 74 87 16 26 28 15 95 8 10 63 15 68 74 30 87 58 65 
71 84 11 24 85 41 48 29 31 98 52 83 60 51 58 47 19 36 28 86 31 88 97 47 3 17 21 85 57 31 51 28 15 62 4 53 3 4 34 86 2 38 22 63 90 80 62 61 68 42 48 0 31 45 47 86 14 20 0 71 51 75 99 18 89 56 71 45 60 57 31 63 96 5 78 86 85 92 99 54 35 47 6 18 44 5 56 59 77 80 30 80 55 82 98 45 38 22 90 98 79 73 13 75 79 43 13 16 36 13 22 23 60 80 93 57 85 49 16 14 30 46 94 37 80 45 34 18 67 76 69 98 50 82 26 81 26 39 49 14 4 72 37 17 52 82 74 90 31 42 
4 13 40 51 51 21 96 85 91 63 62 60 13 64 95 39 97 21 31 46 87 35 18 76 4 23 58 30 13 89 72 69 3 13 20 6 34 16 43 77 31 57 38 45 21 33 36 18 6 67 65 93 55 35 21 11 58 79 42 0 68 14 93 23 79 65 81 13 82 25 91 65 82 81 62 56 66 99 26 24 66 43 69 73 79 90 85 89 69 27 13 89 93 58 65 73 23 46 38 57 23 81 23 58 62 85 14 80 36 40 4 55 84 73 28 15 63 65 4 84 92 69 74 38 79 91 11 55 37 49 12 13 31 87 71 45 25 37 26 61 29 82 68 65 8 97 32 23 14 37 
8 59 58 34 97 90 25 8 45 14 9 9 79 92 49 50 90 74 39 68 87 69 50 56 86 58 5 19 82 19 8 42 78 18 76 27 8 53 87 53 67 97 15 47 41 64 49 31 90 89 51 77 10 2 85 48 12 42 67 46 0 75 88 44 94 16 72 54 69 59 8 37 8 75 36 50 39 85 33 29 26 37 58 88 39 96 37 3 38 4 2 4 32 90 49 78 7 21 32 28 32 92 17 41 67 53 43 58 91 28 87 69 65 98 58 56 94 95 60 84 51 62 89 35 4 38 13 63 11 98 92 43 42 9 84 10 63 79 68 6 8 8 75 73 6 33 30 52 80 42 
88 32 56 77 19 60 67 85 76 30 83 68 74 25 29 10 87 92 90 56 50 50 16 26 23 74 11 5 26 92 99 14 76 55 44 95 68 63 32 44 94 15 12 20 93 41 30 32 86 72 40 88 22 56 14 98 30 26 55 8 70 0 75 46 62 71 93 30 34 26 74 80 93 38 52 38 32 35 71 70 7 11 58 82 20 25 32 50 51 39 11 73 94 86 19 9 9 12 39 95 90 66 76 84 56 28 74 40 15 45 10 23 9 21 57 29 46 41 31 49 80 42 22 27 80 93 88 89 57 27 85 48 45 13 84 54 93 58 94 9 4 57 84 13 78 93 94 76 34 25 
77 66 20 99 45 52 44 33 94 1 13 79 1 58 44 85 12 37 44 59 98 0 16 82 65 46 27 59 22 13 36 99 80 8 50 77 61 46 63 55 47 76 86 49 86 30 34 51 19 30 10 70 82 26 52 47 72 32 58 46 45 47 0 77 55 47 55 68 93 18 23 92 46 61 41 32 91 28 83 63 10 45 33 93 71 37 92 95 69 3 41 15 2 38 44 57 37 99 78 82 69 1 27 67 63 68 0 6 48 35 69 59 33 54 4 4 92 48 52 13 51 45 80 53 36 25 63 25 76 41 8 98 94 35 65 57 55 17 16 56 53 37 67 86 92 71 42 36 19 46 
49 23 92 82 76 28 7 91 53 83 32 13 81 79 0 47 36 56 64 4 64 69 42 31 7 86 2 2 74 73 48 23 96 92 5 25 72 64 68 78 48 1 91 81 80 92 80 68 0 97 25 64 18 19 47 26 5 49 80 79 74 80 54 0 73 12 48 45 28 16 23 76 69 67 10 1 11 90 22 63 39 47 79 58 66 26 84 23 27 16 2 1 96 8 24 21 72 72 19 1 41 94 29 10 61 39 12 72 82 34 87 21 81 66 79 99 44 15 22 71 83 76 73 80 36 97 1 9 22 72 10 63 67 91 73 28 31 37 53 65 71 40 86 4 59 18 55 3 85 77 
75 69 5 0 49 42 97 2 51 19 75 13 34 94 4 8 22 87 97 27 52 69 20 91 25 79 61 33 34 46 10 61 15 16 61 16 10 11 71 61 82 98 26 17 92 82 77 14 70 74 94 74 95 14 17 73 45 78 6 79 77 16 93 44 0 6 61 94 17 84 7 52 82 85 69 74 68 98 40 38 72 34 64 20 0 34 93 45 12 99 77 41 67 70 86 4 76 99 50 46 83 10 98 17 95 19 91 63 17 83 53 41 70 70 61 22 4 6 68 68 57 45 10 77 15 48 81 43 47 83 89 82 93 87 99 41 6 42 4 75 77 10 69 99 32 82 22 36 89 90 
56 98 87 18 75 54 66 8 97 65 92 87 99 85 26 50 26 85 92 83 12 22 45 81 21 29 64 43 65 5 85 73 55 72 92 31 26 10 39 24 76 31 63 27 69 89 78 47 26 70 82 39 92 79 20 66 8 36 9 25 93 95 99 49 19 0 80 46 1 71 22 29 3 37 57 24 78 35 71 5 57 6 44 2 85 64 68 94 53 29 19 46 76 70 95 96 61 27 94 15 99 16 44 2 5 53 78 83 40 49 88 98 7 32 0 93 49 20 39 2 49 10 48 26 81 96 74 94 23 68 9 22 36 6 76 41 11 54 24 52 56 13 50 63 97 2 8 46 22 99 
48 23 10 49 49 43 97 75 37 20 43 99 95 79 57 23 72 68 30 97 20 38 62 22 53 59 24 62 58 98 13 58 22 23 7 23 18 56 99 56 29 42 7 24 74 64 99 46 84 81 95 57 19 9 79 73 21 56 87 79 6 0 37 28 76 97 0 46 53 51 54 82 45 61 58 71 77 10 70 14 91 17 71 63 27 2 36 48 10 75 27 17 27 16 45 55 13 49 2 19 52 56 53 50 70 64 21 47 74 91 61 17 9 84 80 88 87 68 36 49 43 15 66 23 83 64 78 49 13 32 68 66 89 73 68 59 37 89 58 63 33 72 33 94 8 65 82 47 34 70 
97 29 37 63 4 20 27 83 69 93 67 89 11 56 15 79 67 4 20 78 20 53 50 53 47 58 70 81 6 4 3 55 86 40 18 90 13 98 25 34 43 93 76 54 1 91 33 69 47 53 47 67 59 49 72 58 59 43 40 17 99 95 72 85 88 43 76 0 93 53 87 36 46 15 90 48 58 75 69 6 80 68 73 39 69 46 98 28 41 90 98 40 85 22 26 25 17 54 78 10 7 18 98 6 33 40 6 92 15 27 98 96 47 23 87 16 69 85 96 10 27 46 51 65 69 29 90 86 35 21 49 94 39 47 0 72 88 58 16 55 85 14 51 32 38 39 0 59 76 97 
22 4 43 25 21 64 54 11 51 41 32 52 35 71 51 36 96 39 46 12 47 84 79 98 68 69 89 69 28 18 18 2 74 13 27 95 78 33 6 81 74 91 85 10 14 36 98 62 28 96 75 75 80 6 73 1 75 15 22 55 85 40 10 59 5 37 54 83 0 60 16 49 3 1 59 18 38 9 80 66 6 7 41 38 13 66 39 40 33 13 48 18 53 58 77 59 47 31 94 70 44 11 20 47 12 31 17 2 93 98 68 51 57 61 41 23 80 33 63 13 46 11 32 0 21 9 11 69 93 57 91 37 68 63 36 33 95 54 87 40 4 56 91 61 69 32 84 49 65 0 
63 64 63 47 64 85 8 27 6 1 84 97 90 5 61 79 38 8 85 25 0 89 33 91 2 55 75 39 4 93 39 19 57 2 18 73 39 27 0 97 80 36 95 23 41 8 54 31 68 39 9 68 28 94 11 82 1 86 21 58 31 60 77 88 15 48 13 6 27 0 4 7 2 51 82 95 59 36 79 79 27 40 47 55 86 58 90 88 96 11 46 28 24 75 68 91 23 82 97 50 47 1 10 1 4 44 97 63 81 28 42 8 68 41 16 6 51 6 94 48 69 40 28 93 16 96 36 91 78 34 42 78 87 4 79 92 48 28 7 81 56 2 42 76 43 58 83 95 16 77 
43 37 70 23 83 38 19 19 29 50 53 23 28 93 79 7 85 28 36 44 9 44 46 3 21 90 13 4 37 29 33 80 19 55 3 2 93 74 21 75 24 27 50 52 20 30 12 57 10 0 1 19 44 48 75 65 90 88 21 27 70 55 59 89 62 14 91 56 88 64 0 65 43 33 17 63 63 81 72 73 81 74 45 26 74 20 43 64 60 65 43 30 72 2 19 34 16 62 42 56 79 25 21 22 59 91 38 74 24 10 0 6 36 97 32 10 69 75 26 29 92 21 60 64 23 79 51 91 94 93 0 73 19 21 95 30 64 33 56 89 96 56 47 32 53 79 95 74 6 73 
4 51 95 64 67 18 95 18 62 89 12 62 14 83 83 62 65 0 95 21 41 43 30 88 76 83 19 71 10 77 44 14 28 39 78 96 10 25 14 72 67 78 34 81 13 69 43 78 21 91 52 62 34 82 50 62 17 69 85 27 47 30 41 27 21 71 23 83 97 90 55 0 68 41 97 34 63 93 12 84 36 64 47 22 98 49 85 16 71 70 43 18 52 37 45 26 8 21 9 57 11 17 73 31 58 23 65 21 68 30 58 4 94 57 26 45 6 11 61 77 34 56 47 86 93 45 12 54 66 74 11 29 91 37 60 1 60 78 75 28 8 33 84 54 90 10 99 96 74 60 
26 8 69 73 46 62 18 11 16 36 85 80 17 28 17 78 29 29 8 4 57 16 37 93 22 79 3 22 28 77 34 54 37 3 79 84 18 50 95 86 86 32 66 4 60 83 34 89 64 94 46 73 10 35 66 84 15 70 6 95 99 93 49 37 48 80 73 66 30 20 53 69 0 71 25 64 7 11 5 71 5 51 45 67 87 11 51 54 33 58 49 33 3 50 22 51 82 95 70 13 67 75 34 19 46 59 35 53 70 40 77 75 44 22 42 83 85 93 37 71 3 38 4 6 40 78 10 22 25 32 87 92 7 21 63 5 80 98 11 50 90 88 77 34 62 71 17 47 65 54 
70 20 44 74 79 36 4 89 59 29 73 46 73 80 20 36 85 0 34 96 3 25 36 32 11 98 4 29 98 21 35 68 41 80 95 72 16 99 13 27 81 86 26 54 66 46 43 4 98 29 52 53 54 89 86 66 39 42 47 37 63 82 58 56 14 53 29 83 4 42 10 37 81 0 44 47 86 87 3 85 16 56 90 23 97 76 41 88 70 88 78 33 70 36 42 85 41 23 68 97 17 30 35 98 19 79 98 57 18 1 42 34 9 33 9 58 61 50 47 84 90 25 17 61 13 11 98 54 86 18 51 4 0 38 54 71 69 52 29 87 6 23 74 67 8 83 26 22 86 25 
6 76 2 23 89 15 87 87 21 73 57 72 29 10 63 36 81 32 40 10 72 46 34 98 66 94 33 44 16 19 69 22 96 23 98 85 38 85 25 59 10 34 83 92 44 98 28 26 83 20 88 7 19 74 5 85 69 38 29 85 10 50 8 58 73 6 95 63 43 20 74 5 7 9 0 51 8 77 29 91 98 70 50 69 44 55 54 65 45 35 51 55 37 11 13 62 17 9 25 12 81 51 17 40 60 15 44 68 44 73 11 94 95 61 63 92 68 69 57 66 4 60 21 93 71 87 55 40 48 32 52 81 83 22 22 44 89 66 64 33 91 28 80 87 41 43 31 10 65 88 
76 21 49 49 15 72 88 70 13 36 3 17 70 38 39 92 82 28 10 99 14 1 27 94 40 68 89 71 30 54 12 58 28 61 60 43 85 48 65 50 37 20 20 7 59 59 51 41 40 61 92 6 62 19 52 55 40 93 78 70 0 90 81 28 3 41 71 89 89 36 91 26 9 11 85 0 71 36 61 63 97 54 21 12 73 73 67 65 18 45 36 18 88 17 46 91 58 69 32 99 58 24 26 67 35 11 35 58 0 48 21 97 2 94 9 28 67 28 93 38 74 81 56 62 50 55 5 60 24 38 60 34 62 38 1 97 1 88 56 1 37 29 51 91 24 60 71 43 89 65 
81 15 98 90 29 1 45 34 61 21 24 73 8 86 11 9 36 65 50 92 18 39 73 69 82 97 82 54 93 71 71 74 38 69 16 67 70 61 53 84 35 78 57 43 16 21 4 52 86 6 96 56 97 70 26 80 19 8 34 12 31 5 39 21 26 55 40 49 69 93 33 4 23 90 99 92 0 3 96 1 62 93 58 59 15 84 39 34 44 25 47 27 82 86 48 9 93 88 10 62 33 43 66 9 85 65 53 49 21 49 50 83 42 60 42 57 96 34 44 92 59 91 19 42 29 19 3 22 59 13 85 45 8 3 54 45 21 59 46 42 8 49 77 51 9 19 60 6 5 4 
98 65 47 70 7 76 89 62 51 1 27 88 46 35 91 52 32 12 11 79 6 19 28 83 22 89 55 83 95 60 87 46 25 35 16 84 63 57 98 14 58 25 2 4 12 46 56 45 58 19 76 17 39 4 0 61 93 7 44 41 68 84 39 45 71 55 82 86 64 80 1 23 58 55 79 22 1 0 67 12 7 95 81 46 99 33 60 45 41 56 38 61 92 77 6 63 84 40 50 48 73 3 23 31 10 3 53 64 91 73 28 98 68 9 97 20 42 57 17 83 65 7 44 58 84 3 21 20 95 23 20 68 78 44 51 89 47 57 53 90 82 81 40 50 42 37 22 84 46 91 
20 64 98 64 22 34 19 95 54 15 71 75 35 49 19 87 38 18 96 43 60 78 76 0 80 18 90 3 3 88 94 23 52 45 39 74 79 11 70 86 78 93 61 13 42 32 52 33 2 0 28 62 78 5 62 59 75 52 14 78 41 60 53 93 5 45 20 37 8 42 23 86 35 84 51 77 68 56 0 70 56 91 84 87 96 46 98 71 51 12 2 44 24 7 37 30 4 9 19 12 51 42 98 86 78 2 16 46 10 78 68 66 21 52 5 17 98 3 41 1 67 95 45 92 2 35 74 7 44 93 71 96 35 70 34 13 24 2 11 34 33 79 52 54 31 10 24 81 13 65 
83 81 60 28 73 14 63 47 73 60 92 45 56 27 67 42 92 91 97 3 77 30 82 81 84 65 91 60 46 57 25 81 38 37 62 63 52 25 62 77 85 54 22 93 33 89 88 25 32 85 80 61 67 62 43 3 27 86 64 25 95 89 7 33 79 69 48 83 46 62 60 84 68 83 29 53 24 69 78 0 54 58 70 73 72 65 77 51 52 41 29 47 82 36 33 13 57 33 96 55 48 9 91 16 44 21 70 68 90 0 77 97 11 48 70 83 13 99 87 17 92 16 17 75 4 2 88 13 35 37 68 83 46 12 52 90 33 22 10 75 22 88 24 33 88 47 69 53 98 56 
71 91 24 88 66 28 90 6 41 77 95 61 61 41 73 13 83 58 87 94 86 61 82 62 47 22 9 16 75 8 24 46 51 48 86 69 76 28 75 69 6 23 30 19 64 4 84 0 14 23 94 0 84 28 63 31 50 24 47 77 84 23 76 35 71 62 4 99 43 32 68 49 55 99 20 71 55 56 71 21 0 65 22 63 93 37 95 95 13 94 73 98 18 49 33 41 63 90 41 6 22 61 7 77 12 79 48 67 35 20 89 14 37 63 30 83 52 77 30 65 71 3 63 41 4 49 35 20 39 76 26 61 89 86 90 2 65 90 21 53 62 10 19 0 25 49 35 77 26 65 
95 50 69 10 91 25 59 78 45 50 54 24 11 96 10 53 98 27 44 19 80 6 82 0 58 7 49 93 37 28 59 84 78 80 94 21 57 54 0 3 56 6 27 68 2 89 73 0 16 17 72 97 76 54 97 86 13 98 32 2 26 91 86 4 23 81 26 80 87 78 35 43 84 14 63 87 3 89 39 20 58 0 17 34 17 66 73 31 64 5 33 91 48 72 47 23 5 25 3 92 3 91 87 40 5 3 79 61 92 70 81 50 82 50 37 51 68 10 82 84 67 68 27 15 40 75 38 45 52 93 89 8 36 28 48 94 31 79 55 75 49 88 78 83 90 67 35 58 29 17 
42 96 37 70 11 77 97 1 22 49 46 63 9 83 92 57 77 23 88 32 51 38 72 29 21 62 96 8 72 25 78 14 73 15 36 36 93 85 37 67 87 83 83 96 66 75 6 95 50 94 79 1 32 51 82 6 13 30 14 85 7 92 52 80 60 40 16 5 26 53 72 65 89 7 61 7 82 19 3 33 14 34 0 98 86 69 56 51 99 71 37 7 15 41 39 75 33 56 80 59 61 5 76 50 12 38 10 47 57 65 80 23 99 18 22 85 87 78 89 39 1 26 98 69 19 89 96 52 45 29 64 7 34 40 9 98 30 71 97 40 36 29 63 88 48 37 25 87 68 14 
78 21 92 76 90 63 66 39 16 63 68 32 22 54 72 84 4 55 55 2 95 44 31 10 84 79 0 9 19 20 76 97 93 68 26 36 84 44 75 0 7 43 84 82 97 56 66 1 63 73 55 10 69 87 73 5 18 73 67 37 45 43 35 38 63 61 26 47 5 1 99 64 96 83 46 93 92 64 47 55 38 2 66 0 41 39 65 60 64 32 97 61 27 84 51 90 97 78 38 2 79 37 19 76 73 65 21 65 30 20 20 20 75 38 31 16 29 96 76 45 80 26 6 7 62 58 50 60 36 40 14 67 29 33 95 2 99 69 67 81 89 40 53 64 30 84 81 60 33 9 
5 65 87 64 25 50 22 75 62 10 15 76 77 44 10 73 47 61 94 66 94 83 6 47 48 89 83 81 49 68 90 6 86 30 70 11 32 44 86 94 54 53 70 84 97 32 9 96 45 3 15 39 86 73 38 86 62 74 67 11 42 10 70 80 92 92 91 24 37 29 18 43 82 40 27 32 73 36 80 18 39 95 10 78 0 0 64 31 74 84 95 69 94 65 49 86 9 41 10 46 70 80 42 5 20 69 37 45 6 17 16 97 65 78 75 34 78 40 65 53 76 60 22 70 77 23 8 87 64 70 85 87 2 27 44 22 49 33 20 55 2 88 4 67 66 80 1 44 72 19 
49 0 31 71 70 61 47 30 48 63 52 85 2 54 65 46 28 14 79 0 21 82 88 25 49 54 57 3 99 81 22 48 81 5 72 3 66 71 85 66 34 37 4 37 91 69 83 72 83 15 72 4 97 61 81 98 67 39 53 66 72 27 67 54 33 91 57 51 62 43 18 96 32 22 33 76 43 69 48 26 84 20 82 33 33 0 31 1 54 37 19 27 64 38 81 97 29 90 49 43 85 19 92 18 41 25 94 36 46 94 62 82 66 96 15 0 59 99 53 14 36 72 41 0 63 74 50 44 64 51 88 2 70 80 72 63 57 66 99 4 60 13 38 78 9 6 78 68 5 83 
34 93 8 27 45 71 1 95 15 18 46 3 72 68 35 44 31 93 10 82 49 22 95 87 0 4 93 31 25 50 66 59 95 74 87 41 97 40 88 13 10 87 68 82 55 56 26 39 49 88 21 50 62 17 37 63 73 83 46 98 85 64 10 81 39 97 22 36 89 62 1 0 49 22 34 5 78 61 96 79 49 17 29 12 86 18 0 60 53 25 10 39 89 20 20 80 69 94 69 59 56 22 11 6 44 45 63 74 58 11 53 8 28 34 72 67 53 51 27 6 76 37 97 17 10 69 98 79 63 19 38 72 41 1 78 38 99 93 12 57 4 18 17 84 52 89 51 5 40 30 
64 68 20 13 86 30 83 36 9 46 7 0 70 48 53 48 86 52 93 99 10 49 17 27 34 21 69 37 79 9 20 43 30 40 8 68 22 91 4 31 90 11 83 60 11 37 61 98 89 6 49 51 56 18 79 42 91 48 79 70 9 99 65 39 91 74 7 13 17 63 97 7 26 80 20 90 69 81 40 11 39 41 62 95 59 93 37 0 93 69 73 3 68 38 94 12 12 54 25 30 69 22 89 48 55 9 38 24 42 78 35 82 19 50 29 30 43 67 32 37 88 57 92 8 96 38 20 60 44 46 42 14 20 32 14 75 93 52 52 88 82 39 70 53 89 51 35 33 18 19 
22 58 77 66 67 73 4 87 85 49 85 28 15 6 12 81 33 5 33 85 45 67 25 67 72 66 19 7 99 89 78 73 48 55 39 15 80 96 54 66 97 40 46 64 98 58 45 31 15 30 69 61 49 46 28 21 12 47 80 64 37 58 37 37 66 29 52 46 25 6 64 74 46 10 38 96 68 83 28 36 13 49 49 14 95 77 35 7 0 15 71 66 25 9 3 91 90 7 90 67 13 54 41 12 65 79 8 85 14 88 21 79 37 70 93 32 0 80 92 77 95 63 95 72 24 98 16 14 5 6 81 70 60 74 34 77 53 43 63 19 83 84 98 21 7 43 5 7 23 97 
36 70 61 31 43 37 81 11 52 38 17 85 60 29 60 95 7 65 90 70 85 73 6 35 94 13 31 0 72 54 49 8 25 10 91 20 48 24 31 52 14 0 89 75 29 1 70 36 67 12 6 4 85 65 91 32 78 22 84 51 77 33 11 54 44 3 74 44 27 57 48 42 57 37 69 86 39 91 75 58 3 33 14 40 98 57 72 29 80 0 80 9 90 43 15 86 46 41 30 26 98 78 20 55 67 41 93 58 32 68 16 87 2 82 27 52 40 0 81 72 8 61 81 98 5 96 84 3 37 66 81 87 96 53 42 16 94 87 74 26 56 43 13 10 25 93 62 17 45 44 
89 53 57 70 52 14 18 88 70 7 7 51 94 3 5 88 19 99 76 94 78 84 89 43 46 66 88 60 84 33 56 73 87 14 44 91 80 14 79 2 22 86 54 16 42 11 57 61 62 33 7 92 69 48 88 67 15 76 27 99 10 84 72 97 50 68 88 30 83 19 33 5 58 39 73 0 2 30 13 16 15 73 61 84 73 49 3 88 25 31 0 35 15 12 84 17 80 24 99 15 44 84 20 54 75 46 6 77 76 71 46 92 96 7 28 70 56 32 58 81 15 98 69 82 62 53 99 42 78 98 58 74 83 30 28 58 76 86 88 5 57 34 49 54 93 29 24 49 13 34 
82 28 84 51 10 46 57 61 41 35 12 51 61 47 33 41 5 62 27 45 67 84 31 16 38 24 45 14 25 59 49 8 39 85 11 2 32 68 63 25 55 75 28 68 22 61 9 80 23 36 77 90 73 9 58 63 85 56 78 11 67 79 71 6 64 82 8 48 3 24 25 10 51 53 79 26 15 88 58 90 77 35 33 50 44 91 65 30 99 43 93 0 74 64 73 91 98 33 91 1 57 17 12 9 22 91 35 89 31 93 80 60 80 65 62 77 8 28 59 8 23 52 74 98 68 99 41 66 33 32 68 90 1 32 51 76 75 38 65 6 83 97 67 64 62 29 41 71 9 0 
79 33 52 5 83 72 5 24 38 38 8 58 80 62 90 32 38 65 70 55 24 54 53 43 70 15 24 11 38 34 11 69 19 15 75 2 39 80 78 77 70 38 36 50 52 26 34 42 44 5 98 20 11 3 63 81 18 39 92 9 25 55 78 44 22 53 98 61 85 28 90 55 19 26 58 71 5 92 14 1 49 64 21 60 67 36 93 37 27 37 46 53 0 25 49 18 78 48 31 16 28 22 23 47 0 81 19 5 26 85 58 27 1 31 88 68 67 33 57 47 71 4 0 67 29 1 86 59 1 17 75 30 91 51 77 92 32 48 49 10 85 8 38 86 39 78 6 59 11 64 
58 34 68 58 2 49 11 40 8 13 57 36 43 1 87 72 93 71 21 42 34 6 2 72 45 94 50 51 53 13 15 11 0 83 21 2 84 84 94 93 97 51 81 92 4 20 65 97 91 86 92 25 44 94 49 89 88 51 41 93 65 8 56 17 44 29 71 28 14 65 73 11 68 54 4 73 26 69 70 18 7 62 95 3 9 97 93 97 48 86 43 65 46 0 82 90 29 53 71 43 18 44 6 87 51 10 12 29 31 82 47 90 97 95 94 6 92 39 55 92 77 50 58 23 50 92 66 31 46 37 26 16 33 32 55 36 95 67 66 78 2 65 69 51 12 15 57 56 54 64 
49 83 67 59 6 17 51 24 0 49 13 26 18 99 58 73 87 53 93 53 84 47 71 53 98 83 20 7 92 74 23 41 9 90 0 67 7 3 92 7 53 57 85 71 56 44 96 44 49 89 49 33 88 72 38 86 56 58 93 0 84 17 41 93 7 93 61 67 96 5 26 1 62 12 72 71 8 21 15 57 62 16 43 51 89 33 37 97 44 83 97 80 0 90 0 59 83 87 26 31 44 53 33 6 17 57 77 25 30 44 34 93 61 77 44 2 63 33 99 7 16 96 87 16 86 13 76 21 52 54 4 96 7 89 55 24 47 84 1 77 81 36 22 94 65 66 96 28 0 95 
87 68 91 27 85 29 40 13 2 45 67 6 41 27 96 48 3 95 33 5 24 14 93 47 60 58 65 56 87 17 51 26 86 94 53 23 23 94 88 25 39 7 83 32 86 79 81 90 26 66 47 51 32 92 50 92 50 67 48 89 85 51 16 23 45 21 46 68 67 34 45 58 93 28 91 80 60 24 22 86 42 21 89 74 13 39 18 63 7 18 5 44 69 21 67 0 42 13 34 10 99 79 68 92 7 11 24 67 87 46 6 29 67 95 55 80 35 73 96 94 91 1 38 60 74 57 26 68 22 60 30 21 39 51 65 99 14 42 18 2 88 24 31 8 20 87 40 7 60 36 
1 4 89 91 16 15 48 43 84 70 3 66 43 95 17 60 94 32 2 12 86 43 37 17 51 9 56 91 16 69 80 69 73 69 12 89 85 12 84 21 34 88 87 77 83 57 89 29 89 92 41 75 87 30 44 38 39 1 81 7 70 61 28 95 83 40 36 20 4 21 41 38 61 80 67 96 37 57 25 78 1 18 5 88 1 2 78 40 3 11 0 25 73 28 20 8 0 8 80 25 29 73 64 42 53 83 90 43 40 67 73 41 86 79 81 87 81 11 79 36 23 31 13 48 60 85 56 33 93 36 10 75 61 26 17 14 10 60 9 50 27 83 44 65 62 77 52 95 89 84 
83 12 15 96 60 27 81 68 60 74 4 71 49 65 49 19 31 59 79 41 10 58 24 6 24 38 83 76 85 72 12 68 36 28 64 96 7 45 64 68 71 20 91 21 37 40 92 21 52 23 62 14 81 38 20 5 28 55 34 13 80 46 33 16 26 97 13 34 94 29 54 65 50 97 38 39 89 82 60 41 5 74 55 87 64 75 44 92 83 78 57 63 77 90 79 55 39 0 41 33 74 95 51 76 44 89 15 34 24 28 75 29 2 31 68 67 58 13 11 41 43 69 4 72 11 36 80 51 80 21 84 6 69 35 34 13 77 2 99 1 30 75 82 32 58 51 51 68 16 63 
10 11 84 66 84 95 54 16 46 87 37 83 93 58 70 80 72 47 82 23 0 12 50 83 44 8 34 96 29 2 11 91 13 95 57 49 42 64 65 89 51 55 24 96 13 94 76 37 42 58 61 42 70 11 25 67 72 11 15 1 13 26 92 79 73 1 28 15 65 46 4 16 1 80 65 14 75 41 52 17 0 65 11 22 76 89 41 0 52 56 53 66 34 45 97 7 99 25 0 64 71 79 33 72 60 50 39 35 91 43 4 43 8 67 18 36 56 59 37 61 16 42 79 50 88 76 58 39 1 33 55 25 12 40 97 72 90 88 59 82 31 63 25 39 83 95 28 91 55 17 
52 71 59 31 73 47 7 31 38 61 16 94 86 29 34 35 53 25 24 13 7 55 28 84 47 11 80 75 3 87 92 7 58 3 39 83 3 98 67 41 59 83 35 97 12 70 85 66 47 9 31 6 16 59 42 15 23 22 42 78 61 86 85 19 90 24 3 93 75 70 34 34 5 22 84 18 92 69 36 91 30 67 97 98 78 39 14 53 14 56 31 75 95 17 47 85 93 2 30 0 72 64 55 29 86 39 47 30 60 35 21 90 54 18 88 85 10 54 38 24 11 70 99 58 87 46 43 80 48 73 49 72 89 56 2 28 95 1 10 55 37 32 97 91 2 85 76 12 40 67 
88 3 37 88 61 76 86 56 8 35 81 9 59 22 65 13 50 60 15 61 67 4 45 16 47 99 2 24 64 94 91 4 49 80 92 62 56 31 70 64 18 51 74 77 73 91 91 76 52 58 89 71 62 86 88 9 37 42 85 53 88 28 58 37 60 2 51 16 33 21 33 51 72 59 81 97 50 24 25 54 82 14 78 96 52 18 57 90 60 43 43 0 23 53 37 84 56 40 52 89 0 37 41 85 96 74 34 99 98 60 5 80 26 83 28 79 1 85 21 13 28 16 13 4 70 2 40 26 42 92 67 55 82 60 40 78 34 75 29 32 87 35 64 13 18 92 44 72 78 65 
85 58 34 51 14 4 53 54 82 48 99 1 3 81 62 44 59 48 71 41 81 58 76 97 23 46 90 68 18 20 85 4 78 19 7 93 75 60 99 9 60 98 11 64 79 73 60 91 21 31 32 54 41 8 52 64 54 94 84 25 14 70 29 44 89 36 89 17 48 89 26 9 87 37 25 67 62 85 58 36 68 42 42 61 50 46 25 56 40 10 81 6 32 62 51 21 50 40 90 51 29 0 12 69 6 37 36 21 22 46 9 42 88 3 3 90 50 80 98 42 42 32 49 74 46 0 48 97 92 38 0 22 7 12 91 66 49 79 87 23 25 48 17 65 51 20 55 1 52 5 
44 95 37 45 69 84 45 17 33 89 8 33 63 15 97 6 33 98 85 72 21 62 20 38 79 72 10 86 25 62 92 21 57 81 18 79 65 63 48 50 5 56 35 68 24 32 75 57 30 12 30 3 75 2 93 6 26 55 93 4 70 85 77 27 66 96 58 84 59 7 34 16 15 70 85 91 54 60 49 37 24 31 92 51 85 86 58 12 93 51 16 63 36 93 43 54 89 1 38 1 60 25 0 76 47 54 19 1 66 20 38 91 51 31 42 89 69 0 1 62 51 17 78 39 62 21 46 52 74 84 5 35 61 74 63 8 29 82 10 95 3 0 86 6 83 81 95 4 81 48 
67 85 17 45 24 80 18 70 84 92 7 41 27 68 15 42 29 44 77 39 92 32 91 78 38 75 59 86 79 93 86 98 78 4 95 54 84 65 25 20 58 84 61 37 4 76 80 33 73 57 24 65 41 16 95 79 43 7 17 74 52 4 25 30 60 72 36 44 38 61 16 96 97 77 85 2 5 65 87 30 74 12 47 15 80 95 47 75 54 16 49 6 72 26 88 32 99 24 28 89 38 44 85 0 73 70 89 31 88 77 13 14 41 61 82 21 8 81 96 62 97 97 68 22 76 56 54 27 80 35 16 18 31 53 6 5 75 47 88 63 24 1 30 17 14 12 38 22 45 86 
36 94 36 4 16 12 12 23 91 45 58 7 15 41 60 21 98 87 69 86 51 45 40 33 63 6 97 53 81 42 92 17 36 28 74 5 92 86 80 83 31 90 42 47 31 54 20 30 41 41 68 44 39 60 77 2 67 74 7 48 68 99 17 57 79 91 14 23 78 94 6 61 36 0 8 67 54 81 49 96 22 18 40 13 78 70 15 45 96 75 45 65 26 15 74 6 6 88 29 36 34 88 98 70 0 58 89 95 39 39 91 14 57 83 27 87 53 95 85 50 22 82 15 48 97 41 6 4 29 36 40 15 76 90 85 16 49 74 11 40 65 2 6 22 86 86 62 39 33 47 
41 55 29 8 55 27 49 62 83 30 98 23 45 26 66 82 42 67 9 54 7 74 56 66 49 94 4 11 86 37 10 27 44 39 36 99 18 85 61 1 16 11 77 13 37 43 48 80 10 57 34 69 83 42 35 32 37 39 95 75 28 57 2 72 97 90 72 15 76 85 17 44 97 94 9 34 89 57 66 99 66 0 68 50 95 56 34 84 47 82 59 28 39 13 0 36 4 24 4 32 62 73 28 59 19 0 45 8 47 12 59 13 64 79 63 59 87 50 95 35 32 54 15 23 68 67 12 24 92 16 56 6 41 84 65 60 73 62 20 20 74 31 34 91 10 49 2 98 99 98 
85 83 52 0 7 72 67 19 48 11 87 4 17 28 40 34 40 14 97 12 34 23 43 20 14 53 70 17 3 69 15 40 5 19 92 12 44 60 31 92 23 18 49 93 98 41 27 38 7 76 50 42 0 93 14 66 98 84 83 54 6 50 94 11 22 39 75 66 99 6 10 74 76 59 67 74 53 47 64 60 23 14 54 23 59 69 90 9 5 25 63 11 28 10 74 50 49 49 16 0 7 78 26 35 90 94 0 43 41 25 3 64 39 58 40 50 79 82 60 84 59 75 48 87 37 22 37 38 24 5 38 31 84 17 67 74 11 28 69 4 54 24 68 45 34 60 48 13 94 8 
50 54 35 98 41 73 20 31 11 96 88 2 28 72 19 47 98 82 75 19 86 81 44 6 79 78 67 27 44 61 87 94 67 22 92 9 47 64 92 59 61 80 13 89 5 32 88 55 14 63 75 52 97 71 58 76 49 77 55 45 39 42 39 58 64 31 19 64 48 11 23 9 44 88 50 49 72 38 56 38 53 83 90 50 54 48 78 56 26 33 1 17 75 41 75 92 24 95 56 72 58 31 33 2 19 83 3 0 73 60 29 27 95 71 29 50 19 60 58 97 93 59 66 21 52 94 65 29 41 21 1 99 4 35 54 75 70 57 18 44 69 47 23 65 70 52 67 41 64 25 
39 58 36 57 31 41 51 96 70 92 17 23 44 73 58 98 48 81 7 66 25 77 65 0 94 35 4 61 76 69 38 67 27 74 25 58 15 28 54 37 21 23 61 17 96 71 15 96 52 22 62 29 51 79 29 97 14 34 58 42 3 96 10 30 23 35 40 90 63 46 28 36 21 41 53 17 12 20 65 65 95 27 94 98 58 24 96 72 58 54 14 13 3 24 95 78 11 35 20 27 33 48 15 54 89 69 23 54 0 88 19 36 67 65 87 25 41 83 49 99 89 63 12 92 40 7 22 3 94 43 82 27 43 98 33 85 19 56 39 60 96 10 49 63 75 36 40 17 19 89 
68 8 5 33 53 97 92 27 0 39 70 83 18 66 81 52 51 52 8 42 12 5 52 13 20 79 49 61 96 20 50 17 81 7 50 86 4 94 13 5 33 36 40 52 2 73 4 5 25 64 47 89 21 99 3 42 30 52 55 27 25 57 96 6 65 98 92 69 92 5 74 78 41 66 30 95 39 86 0 64 2 47 6 24 98 9 18 29 13 73 8 38 82 56 44 47 54 88 17 46 46 43 24 39 10 6 35 1 44 0 18 47 35 24 23 85 33 41 66 46 66 26 37 0 82 33 48 36 22 17 35 20 60 59 59 22 18 94 24 62 34 94 61 69 18 84 6 51 77 25 
49 95 51 38 96 34 72 96 70 46 13 57 66 25 69 25 48 87 72 24 1 6 18 63 27 88 47 85 91 77 10 40 72 62 79 20 48 3 16 70 49 29 28 67 7 97 92 55 84 16 31 37 22 1 0 1 41 0 87 32 77 97 72 1 11 3 74 59 58 42 30 59 24 58 26 31 55 71 38 91 87 69 28 62 22 81 63 63 81 50 95 10 0 19 63 11 75 37 71 85 80 1 45 4 11 71 35 66 42 25 0 82 94 37 44 68 18 7 83 51 10 30 13 10 1 77 73 76 66 44 14 46 97 59 2 8 82 89 26 25 14 35 59 60 25 3 80 95 62 63 
47 72 93 60 34 95 89 8 23 56 4 37 54 54 48 57 14 31 98 41 8 13 28 67 25 53 70 6 49 32 21 48 57 15 60 91 62 50 51 37 58 8 27 12 14 75 21 28 6 20 21 66 85 50 33 10 3 3 16 4 88 90 4 45 5 65 88 19 67 92 8 25 0 35 37 66 63 59 94 21 31 16 88 16 18 21 78 73 77 47 78 65 37 82 62 94 99 50 13 66 42 73 91 94 9 81 60 24 92 7 45 0 75 33 91 93 55 69 66 32 16 96 49 53 31 11 47 30 13 12 49 56 86 92 50 47 73 63 71 65 70 16 88 45 50 31 38 57 1 56 
41 17 5 90 23 36 53 70 18 66 35 19 22 21 12 25 20 85 40 91 51 10 59 91 7 9 23 45 18 76 53 59 93 10 1 16 46 54 39 17 21 74 36 95 47 48 20 67 86 12 58 89 22 17 80 29 79 55 26 49 31 32 9 77 42 10 45 41 65 84 58 38 58 46 33 5 47 6 24 33 18 82 22 41 52 54 22 83 10 1 32 93 33 93 22 75 56 68 16 73 52 26 11 63 25 44 20 72 50 45 5 69 0 27 62 83 81 84 66 43 85 51 89 70 96 11 98 52 31 14 25 36 93 36 99 18 33 71 42 83 16 47 4 96 26 66 31 7 3 98 
3 40 1 44 63 97 55 61 2 39 27 79 75 72 16 26 90 49 97 32 84 66 31 41 14 57 59 45 17 14 95 72 55 96 16 70 46 23 31 0 62 58 79 37 31 95 15 73 96 13 58 33 79 89 74 93 99 33 38 16 48 34 88 55 82 4 77 80 79 8 80 42 18 60 31 1 55 47 27 4 60 85 89 91 26 63 36 25 48 26 93 48 12 33 55 95 89 32 75 69 92 8 11 63 68 42 64 75 41 43 79 1 28 0 44 7 35 80 84 84 59 78 84 71 63 92 66 53 76 94 22 21 2 85 84 70 79 0 97 21 44 77 74 24 49 71 31 85 51 16 
21 10 46 5 34 61 49 52 14 26 46 88 99 0 25 83 22 5 35 20 78 79 49 52 56 98 23 87 83 27 55 4 89 53 62 23 15 63 76 81 41 74 22 40 27 47 75 1 4 11 21 82 42 22 87 98 21 62 38 56 41 45 13 83 99 27 58 66 90 86 99 84 13 21 24 40 21 0 41 77 63 15 12 5 37 99 56 10 13 94 67 55 91 32 90 42 11 48 8 53 35 60 37 48 33 62 88 6 14 81 84 29 96 96 0 34 95 42 96 60 88 63 67 80 47 57 22 58 6 83 12 41 43 1 41 28 63 81 35 29 62 19 58 11 15 45 45 62 39 41 
74 28 57 42 60 56 99 34 67 5 17 31 98 12 32 91 93 48 72 28 77 87 47 88 98 14 33 95 28 24 88 2 4 97 44 64 6 44 99 73 1 68 4 52 33 88 43 26 36 68 54 14 7 53 54 5 19 87 52 47 63 40 49 68 90 94 32 96 90 83 21 43 4 25 95 89 13 91 15 2 11 21 68 18 26 22 75 45 61 27 92 24 19 93 92 61 39 77 57 29 12 78 73 16 55 20 5 21 11 72 75 74 45 43 92 0 65 19 68 26 46 12 2 18 58 95 79 97 24 89 27 36 19 52 53 27 72 10 0 36 35 75 10 80 18 55 4 35 74 24 
61 73 89 15 43 47 62 74 44 86 15 71 23 87 23 28 14 48 90 14 84 25 89 46 58 59 53 14 94 80 38 7 53 27 22 48 74 85 74 71 23 90 94 98 77 18 78 91 18 69 57 2 46 98 0 4 9 54 70 3 34 9 62 39 88 84 87 15 21 61 86 97 3 80 95 80 50 26 23 68 47 32 22 93 82 75 50 91 29 20 46 15 81 8 54 70 93 93 85 66 6 23 63 10 3 11 42 6 37 18 26 36 50 1 29 85 0 31 76 57 4 23 72 85 31 78 55 76 71 92 95 29 67 58 91 71 21 86 29 10 4 55 46 6 56 28 91 32 59 20 
41 63 43 13 49 26 91 56 3 14 1 98 96 68 8 87 91 82 73 20 44 29 28 91 36 84 19 79 69 30 99 10 94 94 76 95 21 19 3 76 86 56 26 82 25 34 21 16 68 95 89 13 76 17 4 64 53 75 44 74 57 95 37 3 90 13 98 11 84 54 39 70 10 65 52 35 51 74 4 20 21 93 33 49 62 89 14 15 16 10 42 73 5 79 77 47 44 27 10 28 81 49 99 44 14 51 31 66 77 35 38 98 80 23 48 94 64 0 62 80 24 4 5 81 83 34 29 27 62 91 55 95 41 6 91 7 58 23 25 35 10 63 86 43 86 86 37 50 0 99 
82 76 55 40 57 38 74 38 17 36 82 25 84 75 31 75 82 41 98 60 29 61 23 15 4 62 53 41 64 5 93 99 81 48 39 90 39 13 81 56 2 63 33 86 90 65 61 72 6 12 84 87 73 60 54 77 22 7 70 38 64 63 37 45 64 76 88 3 90 21 11 92 36 45 30 26 62 43 50 68 55 35 56 80 95 10 9 69 70 32 7 34 95 45 32 11 73 72 14 63 93 26 7 29 23 37 7 85 81 57 5 88 92 61 21 39 24 30 0 46 14 68 80 62 13 64 73 86 36 88 2 81 66 61 10 89 99 17 74 32 27 79 72 71 93 93 11 69 76 71 
15 90 39 47 52 4 64 26 91 0 66 45 82 32 6 44 73 57 14 99 41 93 30 14 64 75 59 75 44 35 99 11 78 38 11 30 43 27 56 86 27 74 83 61 58 41 58 31 51 24 82 92 17 13 58 81 40 70 9 85 5 8 48 83 98 11 66 41 38 74 79 18 49 62 31 7 4 89 91 55 65 73 99 82 38 58 16 79 80 25 16 85 85 16 21 83 28 87 77 66 61 56 36 62 19 68 70 75 57 13 30 23 86 81 57 77 91 73 8 0 50 24 57 35 92 30 71 20 69 0 39 30 56 75 45 27 43 15 2 53 28 84 28 66 66 85 95 57 11 3 
29 61 79 38 49 72 68 72 44 37 72 83 19 80 11 64 8 54 31 10 59 11 47 87 78 13 25 25 22 36 81 51 49 60 41 50 84 61 22 81 98 46 16 70 27 27 86 35 34 18 97 93 81 96 33 11 9 58 37 84 94 18 35 95 30 29 46 67 90 20 48 41 67 64 63 94 44 49 81 78 19 78 23 1 75 56 12 36 14 1 20 60 71 8 56 2 89 54 21 79 74 21 20 41 37 83 35 81 85 68 11 4 47 35 57 74 43 22 62 58 0 35 70 95 95 26 49 84 80 22 63 55 43 36 48 80 19 84 14 56 52 25 61 51 12 70 77 56 92 40 
14 68 27 84 15 22 63 16 6 95 38 69 50 81 5 99 13 77 35 27 33 39 5 46 43 17 69 20 73 61 12 39 29 39 76 96 13 39 12 19 34 50 41 37 83 98 88 49 27 23 76 13 14 33 59 57 51 28 30 24 42 94 16 23 34 92 20 99 31 84 19 17 35 12 54 70 10 94 19 38 17 48 51 32 81 62 41 32 43 71 9 85 66 77 60 52 69 32 51 52 17 22 69 52 34 76 74 45 70 46 35 40 94 86 24 75 48 65 60 91 89 0 28 7 98 89 59 19 21 62 71 38 37 92 42 71 20 17 68 43 63 3 83 9 41 59 36 90 76 48 
33 17 21 62 24 71 3 35 90 24 50 13 15 87 58 57 10 78 26 31 73 41 34 8 2 28 67 39 18 96 87 3 13 61 65 38 32 68 25 23 45 75 88 60 62 46 17 25 77 96 56 50 89 42 11 92 70 78 31 40 26 70 44 40 31 61 30 64 82 55 39 27 31 27 87 45 26 56 22 3 4 78 5 94 73 16 86 43 47 69 36 25 39 80 65 23 93 47 39 75 3 78 2 86 57 41 83 83 50 6 38 54 36 96 48 9 64 86 53 63 55 89 0 47 21 6 70 66 54 9 42 9 39 96 47 96 90 30 32 40 36 22 46 73 70 95 82 35 33 87 
50 41 28 39 88 1 98 10 68 52 19 62 13 58 58 60 6 48 90 38 40 79 13 87 4 83 34 38 18 67 26 21 60 6 60 48 8 10 58 28 14 29 90 27 39 48 87 46 49 30 36 41 9 49 80 65 33 14 3 3 34 81 24 94 88 37 95 48 47 53 76 62 83 66 41 22 66 29 20 67 11 57 9 20 58 89 37 43 56 40 99 90 74 75 36 62 12 31 62 12 37 38 26 72 56 67 46 22 48 67 90 59 76 51 31 34 92 68 78 48 61 29 90 0 4 27 49 69 10 11 81 99 1 59 71 57 26 18 79 75 37 21 86 13 24 18 99 17 86 77 
65 47 58 8 34 63 87 83 32 97 46 13 97 47 72 20 4 50 90 36 77 27 57 64 40 82 82 40 99 20 69 16 20 28 24 54 43 63 90 75 61 36 40 10 84 64 82 40 14 73 76 44 0 34 8 93 68 42 33 19 14 54 87 34 34 64 41 77 27 83 52 40 19 44 2 55 8 85 96 75 58 72 19 10 58 79 3 26 21 88 45 87 43 85 22 29 49 15 7 76 98 11 17 17 56 19 25 64 4 21 91 14 93 62 77 4 41 80 30 14 69 28 2 64 0 76 93 62 91 52 90 41 64 7 58 20 79 35 36 35 56 80 50 2 42 27 6 36 59 88 
2 80 68 56 44 81 84 90 95 75 42 38 16 58 45 27 30 24 62 67 60 71 99 62 73 41 41 31 29 0 19 84 81 40 40 77 21 25 19 69 52 14 7 21 72 4 0 3 81 14 22 93 85 21 55 10 14 48 93 96 0 65 80 33 5 20 11 26 97 82 47 2 96 6 23 21 11 75 76 44 89 50 37 27 71 44 37 37 92 31 33 44 96 65 78 1 38 41 79 35 23 79 37 72 37 12 45 0 87 21 44 77 71 33 4 94 77 93 83 21 76 69 66 24 34 0 77 72 37 57 60 60 88 97 84 25 62 29 26 49 2 22 78 25 56 34 19 33 28 55 
7 56 24 25 81 58 21 58 83 58 67 43 70 55 92 55 33 54 36 11 56 39 33 86 16 89 21 88 75 1 43 34 57 67 59 90 77 80 49 12 90 68 55 60 76 0 67 9 6 4 72 62 95 5 49 11 47 22 51 74 75 94 8 84 13 19 75 91 99 76 55 89 44 11 1 72 11 69 81 17 25 53 32 72 11 33 35 58 7 87 84 82 81 92 66 95 11 93 38 62 21 93 3 66 56 4 90 19 25 72 89 2 77 21 74 40 6 10 50 13 97 34 95 30 26 13 0 89 7 67 3 80 13 6 98 69 63 89 41 40 61 30 43 90 3 69 31 9 79 81 
22 28 16 69 59 94 82 88 36 41 56 39 74 69 98 72 90 13 61 31 53 22 61 48 65 64 18 96 25 49 29 47 78 97 68 89 92 3 29 80 96 85 71 70 6 69 43 97 34 4 28 40 79 42 88 96 58 58 92 84 8 73 83 38 71 52 79 15 55 8 95 3 46 66 74 52 88 17 1 74 73 82 14 4 24 55 0 82 13 44 66 73 18 50 63 41 54 42 56 9 3 3 12 49 21 38 53 9 7 55 84 33 37 50 37 61 5 38 95 71 82 62 96 52 64 12 93 0 54 1 79 9 4 43 58 26 82 12 87 41 67 23 74 56 74 12 17 31 2 64 
54 36 26 51 89 42 15 34 60 21 36 91 31 40 87 89 66 69 53 54 62 72 77 37 28 3 1 97 35 3 62 89 91 40 92 80 83 59 67 95 81 3 39 12 43 26 53 62 47 7 68 9 31 97 98 12 1 99 61 36 54 75 77 46 16 22 78 51 81 45 98 62 0 89 26 96 15 80 58 14 39 78 24 70 75 74 34 76 26 96 64 32 23 94 78 91 16 9 94 49 6 45 64 7 34 90 3 2 70 13 16 61 91 40 84 66 67 18 95 93 66 59 25 90 5 56 33 73 0 28 23 23 73 39 82 7 29 85 9 52 50 26 13 41 18 97 60 85 68 55 
30 86 66 8 28 72 64 62 45 81 90 20 56 63 59 39 22 41 76 84 45 27 10 58 20 80 8 80 18 28 87 48 14 54 56 43 78 72 5 23 5 47 96 14 62 7 53 84 48 81 20 93 8 82 4 29 63 64 61 33 92 49 33 58 3 42 1 81 14 58 56 72 57 4 86 19 12 91 56 12 72 76 58 81 59 14 62 22 78 23 7 70 72 40 80 27 82 82 8 97 92 17 21 50 21 7 69 85 98 25 50 70 54 8 3 13 22 17 87 0 93 94 22 65 34 2 45 17 36 0 66 81 22 87 31 96 94 52 33 44 30 83 14 84 91 70 97 13 39 84 
65 32 78 39 98 12 94 43 29 82 48 47 63 23 34 46 71 28 99 4 72 29 88 39 13 79 61 62 45 0 46 62 33 76 54 83 88 48 78 70 82 78 17 46 1 52 92 72 32 43 29 57 72 17 48 37 96 61 99 93 61 97 56 46 73 10 81 62 10 59 84 92 90 53 38 91 57 83 16 90 26 45 99 51 14 99 40 10 60 92 4 73 89 12 20 63 22 1 77 32 13 61 76 3 66 67 46 24 50 14 14 28 11 65 31 25 64 72 88 24 64 44 97 5 56 69 68 30 23 97 0 88 10 90 91 77 57 89 1 59 56 67 40 67 32 71 45 48 95 85 
24 11 29 21 17 85 43 37 67 66 35 81 6 45 71 49 74 81 38 75 40 46 94 32 14 78 56 11 26 51 96 50 15 25 24 84 62 19 21 29 37 8 10 43 6 33 92 80 14 82 8 7 29 54 39 95 33 95 6 11 99 54 14 14 31 90 50 45 9 71 74 46 32 36 41 38 21 33 70 88 67 30 95 96 85 86 91 18 34 49 81 33 55 95 99 86 85 49 31 94 72 57 92 4 45 85 94 19 18 17 7 86 47 54 34 32 40 26 2 74 27 84 59 83 31 58 21 17 59 5 63 0 14 8 88 12 93 83 31 64 0 38 2 99 92 36 84 84 14 86 
59 42 22 70 77 6 29 50 23 40 55 38 72 70 46 61 82 92 96 65 56 96 3 58 95 47 46 79 31 61 18 42 55 92 65 84 98 46 34 73 86 90 64 59 12 62 72 46 54 68 11 62 16 66 72 11 65 19 43 96 32 13 91 39 57 56 23 8 2 57 81 40 99 97 99 63 60 71 9 66 91 72 29 7 38 1 71 3 72 14 52 4 79 95 43 36 3 18 44 57 28 78 97 27 27 49 91 87 72 52 6 64 25 35 71 15 88 94 19 13 8 23 17 39 18 13 28 21 31 72 30 59 0 27 39 30 76 82 69 49 34 75 65 11 62 88 27 3 83 98 
16 43 21 85 83 39 98 11 12 82 35 42 93 90 21 84 20 98 66 89 99 53 17 16 16 79 4 43 82 87 41 50 31 62 36 14 53 34 77 65 68 12 59 14 2 81 98 74 31 65 16 82 70 33 98 86 64 2 82 99 90 23 49 73 38 85 87 91 72 16 9 92 80 20 6 83 1 5 9 84 22 25 18 92 10 16 30 75 71 12 74 13 88 75 86 26 61 25 69 85 41 30 77 21 51 84 56 4 89 66 41 11 43 59 55 54 76 85 81 99 98 7 12 38 82 98 64 43 23 85 80 16 16 0 37 67 42 46 23 83 64 64 94 7 24 1 13 52 86 94 
51 36 1 15 74 84 13 90 79 88 76 60 56 44 70 45 63 12 91 86 95 55 3 41 15 27 42 28 31 80 23 34 69 76 49 95 12 62 86 44 2 14 4 58 10 74 3 73 38 47 11 85 2 14 26 17 93 68 98 24 0 21 10 69 49 59 65 62 73 3 6 75 69 62 85 79 88 41 52 78 88 63 63 42 30 89 60 23 9 10 0 61 31 10 31 32 22 48 94 95 3 52 23 72 66 8 3 6 49 55 84 89 70 47 32 52 88 44 76 97 54 28 11 37 90 42 69 12 42 16 8 45 20 83 0 87 91 72 93 93 79 30 82 1 77 66 54 18 10 82 
67 64 62 78 53 52 72 23 17 14 91 25 11 11 8 80 98 51 4 44 96 35 74 31 37 3 97 43 21 8 25 41 24 87 19 30 91 92 53 8 58 44 85 70 55 45 2 6 97 59 2 45 94 28 76 31 83 74 26 5 34 51 98 10 90 17 40 82 61 45 42 20 41 28 90 49 73 44 55 22 3 9 20 98 37 96 81 20 22 60 77 8 11 75 71 54 45 11 88 6 9 30 26 50 10 68 99 84 13 6 58 68 67 30 18 4 27 52 77 1 12 6 10 75 82 81 29 79 44 17 85 53 0 64 56 0 32 7 46 97 66 57 66 33 87 36 90 14 88 67 
16 0 73 78 76 7 11 57 38 55 75 24 61 75 88 69 85 72 76 32 70 42 89 88 76 76 24 66 43 65 85 11 17 10 41 93 18 52 51 56 7 78 32 20 5 72 89 90 45 18 74 67 60 15 7 88 44 83 6 39 48 91 50 18 2 91 11 72 95 14 80 2 92 65 75 49 37 16 40 34 34 66 53 47 34 60 87 30 96 94 69 96 37 71 14 91 14 78 63 9 92 96 63 37 61 38 86 50 7 78 37 41 97 90 40 31 3 28 61 51 22 82 47 11 53 14 3 67 92 18 28 36 14 91 25 27 0 12 30 89 42 67 82 91 9 23 74 12 3 87 
15 77 69 63 88 22 77 91 41 21 10 69 57 76 13 83 56 95 47 86 84 89 5 66 33 14 41 7 79 44 95 94 21 64 9 10 39 38 1 32 59 63 54 17 92 67 52 48 62 99 86 46 40 91 64 73 57 6 81 36 50 76 83 72 92 92 34 31 31 87 16 90 51 70 59 43 37 11 43 99 10 29 97 3 20 61 76 77 19 9 66 70 37 49 94 30 41 80 13 24 67 29 15 70 51 74 65 88 38 8 39 48 37 36 51 9 50 80 39 69 89 5 91 79 54 37 9 47 17 74 72 85 4 39 7 7 65 0 96 3 81 35 4 71 24 7 32 26 87 71 
95 29 28 39 8 82 76 69 82 94 43 6 31 99 45 38 7 10 11 55 66 45 90 70 68 66 77 52 92 17 24 40 98 52 79 58 87 55 27 21 1 22 27 32 22 72 23 81 34 86 36 0 31 78 70 51 45 0 4 89 69 80 29 67 32 60 25 71 16 4 92 69 26 71 54 48 43 77 29 30 63 17 30 47 96 53 50 41 53 54 82 22 34 12 41 19 72 18 42 40 22 87 62 48 58 16 49 54 45 78 84 60 48 14 59 44 19 10 37 72 16 19 46 3 31 39 22 56 57 16 48 79 3 10 80 62 78 29 0 23 59 52 36 7 18 95 51 38 57 88 
62 74 8 61 77 91 0 51 99 10 19 48 41 23 58 21 37 37 50 5 12 10 9 48 17 27 96 21 17 53 61 80 27 21 93 56 13 93 59 64 55 79 12 97 54 23 18 91 12 69 48 24 31 57 73 0 84 21 73 2 74 35 34 54 56 27 10 21 72 22 86 28 1 50 77 55 73 95 98 85 16 46 62 99 55 87 0 91 8 25 45 82 60 79 36 69 58 99 90 31 21 28 11 22 79 88 29 52 35 79 90 4 77 52 3 32 39 55 23 47 81 21 81 93 0 18 62 11 17 53 94 38 81 57 12 12 45 93 65 0 72 7 36 49 11 92 81 50 99 56 
49 80 77 30 26 30 0 88 93 69 93 87 59 75 44 71 39 41 64 56 25 88 63 14 37 74 6 70 76 5 79 25 38 8 8 64 90 60 52 83 30 46 70 89 73 66 13 64 7 29 21 33 18 84 47 55 11 5 78 87 10 57 65 0 65 73 16 56 85 69 91 15 67 62 57 92 28 22 56 88 51 77 21 21 14 20 29 25 25 7 12 87 64 77 40 81 2 56 89 88 77 81 55 44 95 64 88 75 86 97 63 90 26 36 11 40 8 40 17 33 47 30 73 63 59 13 97 14 69 38 54 47 19 9 43 66 26 84 42 12 0 57 2 59 94 66 0 54 6 17 
40 6 99 13 21 11 78 18 25 99 57 79 98 28 40 42 95 66 78 89 79 11 46 33 70 92 99 70 47 58 40 39 64 91 52 85 2 82 56 27 81 65 58 80 45 99 74 92 65 52 81 96 63 80 82 33 24 33 56 23 91 48 62 55 39 66 93 42 48 1 21 30 66 80 62 63 31 36 56 48 40 37 45 3 69 79 88 94 12 96 17 4 44 32 11 84 98 56 78 47 57 51 77 75 83 91 39 14 27 47 63 67 36 60 22 6 91 62 52 3 59 21 59 3 53 71 39 52 79 69 51 89 21 80 64 4 71 55 71 98 54 0 17 91 46 39 97 89 1 1 
92 12 22 52 68 76 75 7 80 54 29 31 95 50 11 12 6 82 67 29 32 74 15 49 65 13 40 14 2 93 15 95 6 89 99 74 17 26 33 97 32 62 80 28 64 43 40 23 77 59 52 9 33 68 10 98 81 50 64 84 44 31 31 2 21 30 76 38 8 61 88 40 76 68 68 40 64 8 15 41 68 68 51 53 88 61 4 21 64 68 57 60 52 88 62 73 70 90 63 30 51 51 71 79 72 39 20 36 0 87 77 20 7 80 73 95 94 77 69 58 98 26 70 50 67 32 75 89 74 38 20 77 42 43 57 14 82 29 2 34 16 79 0 24 12 28 71 6 57 40 
16 55 19 86 57 86 18 32 27 44 71 99 21 65 42 78 79 25 7 33 11 24 64 66 0 76 94 71 82 51 12 98 59 31 36 16 69 54 1 96 98 24 96 72 89 38 50 20 15 10 53 27 34 17 45 34 46 39 57 80 42 69 79 53 0 15 22 21 22 23 18 72 99 66 96 88 56 47 60 24 57 13 3 43 82 48 29 28 39 86 9 33 8 40 87 60 7 61 82 81 36 52 6 35 18 2 23 74 1 35 50 10 0 53 53 82 1 34 63 92 73 24 26 33 16 13 93 75 26 75 57 62 79 15 97 97 17 72 24 19 7 74 81 0 80 35 41 33 21 4 
26 46 80 52 79 96 17 73 72 43 0 81 5 80 96 2 29 65 26 5 36 33 80 18 92 60 5 33 45 26 90 71 25 70 23 4 19 92 29 43 35 82 24 40 14 72 94 95 37 72 1 74 5 33 92 49 45 49 83 90 75 25 62 52 47 37 9 66 30 38 61 65 72 85 58 38 9 4 34 47 77 87 73 34 20 17 84 65 66 19 55 93 44 17 46 91 55 7 10 85 97 23 2 70 61 60 60 70 65 94 69 94 81 42 28 1 11 64 18 29 83 74 23 79 43 21 23 50 80 33 35 77 8 90 47 69 50 8 40 67 54 9 13 88 0 42 41 67 6 60 
97 42 34 72 21 77 45 44 28 25 29 15 2 38 5 2 7 8 62 47 27 16 9 41 4 65 83 46 32 41 6 81 83 92 53 57 21 50 1 1 75 31 69 30 69 26 32 28 34 94 28 62 62 37 3 67 54 38 65 86 31 23 68 67 67 73 24 88 24 25 42 51 8 11 81 29 37 13 58 24 59 86 86 22 75 41 41 29 79 58 67 62 81 35 29 0 61 53 40 37 79 82 88 39 45 70 69 83 35 27 7 95 13 45 17 88 38 10 17 17 68 84 31 1 72 61 1 85 14 41 22 45 76 10 85 21 32 54 4 68 81 63 15 94 60 0 34 98 94 3 
67 14 87 99 15 11 60 68 96 74 9 70 20 37 33 57 59 65 11 15 85 92 79 52 38 91 36 24 90 82 27 57 48 66 56 63 78 68 83 26 43 45 97 15 82 82 72 41 99 35 57 85 27 88 89 17 79 78 41 69 12 68 79 61 34 87 76 64 56 60 43 51 5 92 18 39 74 42 81 73 77 90 10 56 78 0 25 9 78 66 31 90 86 10 51 72 97 80 89 5 40 32 8 97 24 26 36 50 20 69 23 49 59 34 5 89 34 82 99 64 0 30 6 86 92 58 11 41 90 52 47 30 36 7 79 60 34 67 62 6 37 85 56 48 71 61 0 57 44 89 
21 96 71 28 83 63 38 46 4 28 50 3 10 86 11 89 98 97 56 60 3 45 45 59 94 17 73 84 26 69 73 48 65 44 28 0 7 66 98 63 46 48 67 56 34 30 97 32 27 53 92 30 51 90 42 45 59 15 29 85 36 54 85 53 50 13 54 9 31 52 72 77 53 91 85 87 21 82 72 48 88 16 31 39 6 73 84 17 40 65 55 28 71 40 81 21 6 87 30 37 92 54 67 45 46 52 84 67 35 56 68 23 25 51 62 31 76 98 1 68 15 56 96 86 96 29 59 54 17 89 92 9 95 11 6 41 63 90 61 98 99 81 73 24 32 35 7 0 85 8 
76 0 64 24 86 13 53 45 19 70 86 11 31 82 22 37 75 38 80 88 88 79 69 62 3 53 49 62 61 35 71 89 35 87 13 74 52 19 71 72 41 10 35 73 44 10 62 19 48 42 8 36 73 29 50 28 83 0 91 96 35 14 86 22 1 51 48 6 70 20 78 12 82 65 37 26 75 99 45 75 94 5 64 19 87 14 48 70 66 91 18 53 5 56 76 58 8 76 64 30 48 94 94 30 60 31 56 87 83 54 15 29 59 79 48 98 45 48 20 12 39 39 65 44 95 93 3 55 70 67 38 18 14 32 49 74 16 57 13 51 11 28 80 23 59 80 21 5 0 42 
69 68 81 86 65 28 80 20 84 2 87 74 72 1 6 21 27 22 79 41 73 42 69 5 65 29 86 87 86 67 29 55 87 62 41 4 90 73 24 26 75 64 0 48 17 59 21 45 81 52 38 7 95 59 64 12 40 2 99 26 69 28 33 9 42 27 13 85 0 38 11 28 54 64 28 71 23 49 16 56 54 54 15 1 66 80 13 6 82 13 33 4 93 18 65 36 45 78 21 98 68 84 26 22 48 54 94 23 55 62 32 9 69 47 62 35 27 76 41 62 89 26 18 34 45 83 22 90 13 95 40 34 80 66 8 80 72 2 56 80 17 88 41 86 35 4 73 15 80 0 
