120
0 82 49 5 68 9 77 24 65 68 89 0 20 98 2 50 27 11 51 78 30 50 74 54 44 92 67 49 67 40 16 7 22 17 64 42 26 42 18 91 62 8 44 82 58 46 84 37 9 35 15 39 38 90 94 82 34 13 31 2 53 0 61 27 17 78 21 44 72 40 87 34 0 31 69 10 29 5 47 39 41 62 30 31 4 24 13 39 90 96 93 95 96 6 23 66 84 96 62 56 36 1 43 88 85 64 98 14 69 97 53 62 12 84 93 16 60 58 7 50 
7 0 98 3 59 73 21 95 69 83 4 6 85 47 94 70 11 45 36 32 42 42 95 54 26 88 23 38 99 30 41 6 35 39 61 46 12 83 41 81 18 97 39 3 96 86 25 59 83 62 92 25 4 87 32 82 27 7 72 78 89 13 84 24 4 46 70 16 81 64 50 99 61 89 55 58 27 32 17 10 46 9 88 50 48 72 84 28 79 9 6 68 22 91 93 79 89 15 95 22 79 97 21 41 39 28 51 66 61 20 29 7 82 17 10 30 89 46 10 68 
55 17 0 78 60 81 57 1 97 4 23 28 54 96 21 93 25 72 11 38 93 40 45 27 57 7 57 98 54 20 66 9 37 55 39 49 88 48 50 37 5 25 66 59 73 39 52 50 12 63 88 57 56 86 84 13 93 93 64 47 65 30 57 54 37 96 3 78 97 5 67 2 82 33 61 56 25 65 6 37 80 95 46 36 81 82 2 74 27 66 74 93 48 31 47 38 79 3 16 76 8 83 78 43 69 91 99 94 56 5 83 37 52 81 73 85 15 27 12 42 
93 86 87 0 69 87 32 0 90 48 29 50 83 59 93 4 51 44 50 7 2 33 96 6 66 22 92 81 49 4 76 43 42 63 37 11 50 69 63 92 69 92 43 4 52 88 9 3 85 11 62 87 45 11 93 63 33 85 45 34 41 21 29 83 36 18 46 87 87 10 31 8 54 26 13 6 15 74 61 0 85 76 39 82 87 32 46 72 70 43 58 11 16 88 47 52 6 45 91 46 7 23 6 62 49 71 68 16 97 82 68 83 58 7 17 97 92 15 21 62 
10 79 25 26 0 72 79 78 70 22 24 77 45 82 39 47 54 60 15 51 42 84 86 0 43 56 49 35 23 70 97 34 1 23 12 21 47 91 99 17 66 75 47 63 57 86 10 11 46 78 15 88 62 53 40 57 61 89 93 85 11 42 19 13 65 31 34 65 75 85 34 41 60 81 56 17 20 67 81 66 45 48 7 59 1 99 16 63 89 9 0 52 4 71 65 21 2 51 86 29 36 73 22 96 6 79 66 26 98 47 45 95 95 52 6 48 3 22 63 92 
84 63 97 88 34 0 9 89 66 48 70 2 21 93 51 27 24 17 6 74 64 51 69 11 55 75 11 58 49 75 3 85 90 0 25 25 14 87 66 80 35 36 83 8 81 86 87 57 3 93 31 67 44 52 30 51 79 41 10 29 16 65 66 59 65 92 84 31 79 2 12 66 38 47 74 72 33 61 29 88 7 61 55 3 13 37 55 45 78 17 74 47 82 92 6 99 84 42 30 15 44 94 81 34 93 55 6 78 69 36 66 76 49 73 31 14 10 86 59 41 
3 85 40 37 78 98 0 62 40 71 78 36 65 11 70 11 19 77 41 88 13 8 16 62 33 47 28 96 86 88 37 41 73 29 79 51 27 67 66 19 38 96 55 56 7 25 19 78 2 60 66 67 20 34 81 6 34 10 2 20 98 91 61 23 20 92 27 99 12 93 18 2 41 73 10 0 98 29 79 53 42 97 20 14 32 54 20 18 64 74 38 14 65 51 89 37 44 16 36 8 61 54 10 54 79 21 55 30 2 86 83 96 83 55 63 67 9 83 85 25 
10 23 91 27 27 81 65 0 49 53 31 11 60 41 65 39 14 72 69 69 58 4 17 94 60 80 61 21 16 47 99 26 22 90 53 49 23 18 72 73 24 3 36 84 97 53 23 63 26 45 32 36 1 50 30 61 82 92 35 98 91 34 24 13 76 78 63 0 48 35 73 72 91 61 56 40 14 32 3 92 29 88 29 30 90 59 44 72 3 31 71 94 65 47 8 41 25 23 93 26 58 18 50 1 79 7 41 94 91 45 86 72 33 67 54 75 79 98 47 82 
29 70 77 46 18 37 40 95 0 33 21 70 4 72 72 83 31 13 29 74 10 68 46 95 35 0 70 14 51 70 49 32 40 78 31 58 15 71 54 27 56 27 49 60 99 21 96 82 87 77 56 97 45 54 45 33 7 15 99 10 37 48 42 78 78 73 88 45 96 94 72 5 22 22 17 73 95 65 56 82 43 64 32 88 71 29 73 78 44 73 88 34 73 82 12 52 8 52 97 56 47 22 61 21 96 79 94 91 96 2 26 39 19 10 80 90 39 53 68 35 
78 8 69 52 90 33 56 50 86 0 7 85 27 68 6 75 99 52 67 96 7 45 87 26 55 67 16 46 73 84 81 51 44 3 55 86 88 11 37 26 17 44 11 96 64 69 72 16 22 91 64 29 36 51 55 43 71 23 41 44 59 22 47 3 77 3 89 66 66 26 92 35 22 56 84 39 25 56 55 99 99 19 80 35 22 35 30 93 10 71 89 69 45 37 72 75 92 14 41 58 92 85 46 15 41 30 54 19 38 61 18 37 32 99 24 54 86 54 0 97 
77 89 18 74 78 91 49 70 57 42 0 49 28 75 16 21 57 22 40 95 83 11 32 15 10 56 22 48 62 22 97 91 63 16 65 42 7 15 12 16 57 93 65 37 20 82 59 77 4 51 72 88 62 56 55 24 64 77 73 78 51 70 69 15 86 87 57 45 2 21 61 11 15 79 1 35 61 12 65 17 63 89 57 78 46 65 2 10 94 75 41 46 98 10 13 36 97 22 34 51 43 47 15 10 26 16 46 39 28 63 9 43 52 66 21 98 31 24 61 26 
51 2 24 1 64 37 38 62 11 24 65 0 71 80 65 98 96 63 89 76 78 98 72 30 17 93 81 48 69 42 26 73 96 50 26 60 39 64 74 50 40 40 57 12 72 74 62 21 89 51 97 67 2 69 97 19 15 78 19 36 72 46 61 20 48 88 33 40 4 7 90 45 99 99 57 72 73 19 93 62 22 42 81 24 64 79 95 31 9 15 67 34 13 29 54 61 17 87 1 21 47 44 18 46 95 75 70 69 46 15 83 21 58 17 97 22 96 93 5 57 
60 72 91 73 53 98 86 22 37 40 96 84 0 14 83 31 90 53 0 88 21 36 9 79 53 7 53 1 52 58 10 12 82 54 85 88 52 71 10 89 11 58 74 47 73 9 79 15 14 31 3 35 19 65 14 24 24 19 77 76 29 88 88 12 42 25 52 94 48 62 35 60 21 61 59 46 70 90 61 85 74 16 20 93 33 87 70 57 58 47 33 88 35 73 52 77 50 4 23 99 66 59 11 39 72 22 37 43 13 98 80 87 67 52 32 0 39 2 10 50 
50 95 38 85 21 90 15 71 94 38 22 12 49 0 4 22 56 41 17 69 92 97 8 11 49 40 63 41 43 73 91 93 69 81 30 90 71 45 13 17 36 36 81 37 69 85 11 77 79 28 46 23 77 6 34 27 47 97 20 42 71 63 35 40 44 17 82 67 63 95 84 51 31 65 40 53 3 52 30 34 32 29 57 10 35 91 89 34 88 61 76 11 24 63 3 68 81 85 87 44 33 71 47 64 88 87 69 43 39 0 77 24 29 86 34 16 77 23 51 18 
36 79 29 60 43 85 80 24 22 67 68 55 38 67 0 78 54 41 74 46 93 3 70 74 90 56 91 67 31 94 37 67 73 19 27 16 4 7 40 26 26 60 34 64 79 6 94 34 99 68 32 93 72 54 67 14 10 10 81 41 56 71 8 30 90 87 98 46 46 91 24 72 3 58 88 83 16 82 17 16 3 1 61 27 55 80 41 65 43 74 58 99 45 66 81 87 5 80 33 51 23 58 23 26 68 11 9 85 45 78 1 0 79 14 79 86 94 20 51 89 
47 61 89 44 27 70 32 84 2 17 35 77 27 10 4 0 21 65 81 19 44 34 71 75 48 51 14 94 23 17 84 70 79 25 15 58 47 99 43 50 16 78 27 44 89 83 40 62 49 73 33 45 7 5 72 7 56 38 53 79 56 37 2 35 14 69 93 62 68 36 12 36 67 91 32 8 27 24 22 28 97 8 73 4 13 97 63 21 36 17 0 44 6 54 79 21 23 24 83 91 13 47 80 80 38 12 40 17 37 14 45 34 22 70 91 35 20 54 56 56 
23 9 0 30 63 31 3 87 55 86 30 68 33 10 0 23 0 92 93 12 7 38 46 81 9 89 17 29 96 25 37 19 86 89 1 50 20 4 89 27 42 71 48 27 82 0 51 57 45 44 69 4 34 67 85 43 57 54 24 53 32 61 24 18 2 26 20 74 82 9 2 25 33 2 52 15 54 55 24 99 51 45 3 38 12 41 33 21 95 58 26 79 71 51 98 74 29 18 48 63 80 2 88 13 56 93 80 11 0 56 62 4 1 18 42 65 59 75 87 6 
85 13 86 57 16 84 83 97 54 31 61 86 86 1 51 42 46 0 53 99 39 16 3 40 34 97 6 45 24 45 51 62 58 89 19 27 25 2 24 32 85 37 18 71 39 70 14 37 53 19 36 93 87 91 33 73 40 91 18 17 36 22 79 47 11 98 74 89 52 50 21 37 40 39 61 79 61 75 68 15 46 57 60 34 48 45 7 41 37 26 58 73 0 37 72 63 87 46 52 91 49 73 80 89 65 41 20 26 68 40 93 15 97 53 49 46 99 56 39 36 
34 97 61 86 86 86 50 25 84 54 16 33 28 96 74 45 90 46 0 58 87 17 73 84 70 22 82 21 31 21 9 17 70 23 56 8 9 6 33 93 60 1 27 40 50 53 37 40 0 61 98 87 78 72 71 48 46 54 22 29 27 31 99 98 54 55 58 63 61 44 57 73 45 36 66 47 89 3 87 89 64 38 28 94 62 0 95 8 6 17 90 33 48 89 83 3 44 94 66 57 38 75 82 83 11 48 83 1 4 70 42 20 60 71 15 22 23 10 83 81 
27 73 14 27 62 50 30 58 44 97 15 34 24 97 69 36 98 52 89 0 23 31 74 83 54 41 58 29 51 41 10 30 14 77 58 28 79 40 86 75 89 53 9 14 2 78 50 0 31 39 54 6 22 81 89 29 22 47 58 26 40 69 8 54 98 18 82 77 59 20 52 48 73 61 62 76 39 12 28 70 3 35 28 78 16 18 7 90 17 17 16 58 86 77 64 36 95 99 13 54 19 65 55 93 26 17 21 18 82 49 40 37 36 69 15 52 39 74 95 8 
92 63 18 30 40 83 67 88 82 80 42 53 46 49 46 24 19 19 94 1 0 35 38 57 56 6 62 95 80 57 55 72 20 74 3 61 9 22 49 91 2 43 44 0 93 43 25 12 14 71 65 35 6 55 93 62 61 55 9 94 12 65 66 84 91 21 45 0 95 46 43 98 90 87 98 35 82 75 99 97 47 64 84 5 71 77 20 85 84 81 79 48 98 97 33 89 71 30 89 66 77 84 16 19 24 15 54 6 42 5 55 41 21 40 99 92 69 19 29 54 
52 8 54 51 58 87 40 29 18 82 47 47 66 64 66 90 31 72 49 73 77 0 67 98 96 66 42 66 37 72 72 89 32 26 40 90 66 33 71 36 67 19 83 85 83 1 28 14 73 77 39 2 33 58 52 30 24 94 96 61 18 20 3 51 46 43 93 12 28 65 48 95 36 83 81 19 84 9 85 9 86 76 11 71 35 63 1 59 10 49 73 28 21 28 31 68 71 77 32 0 42 33 47 30 16 28 1 53 37 86 62 75 14 74 99 49 37 52 61 47 
54 86 28 75 14 11 43 37 88 76 89 82 61 37 12 77 65 13 82 55 51 45 0 66 71 81 67 8 34 28 8 88 14 88 15 80 99 59 18 88 87 7 22 48 44 35 77 62 0 60 69 52 57 51 70 28 85 37 88 19 66 48 59 32 36 74 65 88 85 83 28 24 42 50 72 87 85 2 1 38 62 70 90 71 21 60 99 58 49 39 29 67 88 88 0 76 15 17 64 52 0 92 77 94 43 1 33 80 3 34 70 17 56 60 88 78 72 39 88 22 
79 18 89 67 6 41 43 73 58 60 26 10 52 55 57 47 56 90 80 60 25 50 29 0 63 18 11 35 9 52 9 88 70 99 55 28 92 51 2 3 11 80 65 15 35 22 15 43 13 95 55 90 97 85 23 60 55 87 48 64 39 57 53 9 8 60 37 53 63 91 56 74 23 21 42 10 96 57 54 9 4 9 51 1 46 74 14 1 13 62 66 4 71 19 13 80 31 3 85 95 46 41 69 70 14 63 80 10 20 86 71 24 48 22 26 94 49 40 96 14 
54 14 19 25 85 84 57 16 39 42 11 86 35 33 8 50 96 40 12 17 79 84 41 27 0 19 73 59 11 21 74 65 35 45 43 20 29 52 37 69 95 0 7 82 33 15 84 30 7 97 47 86 33 40 13 43 12 39 3 23 60 29 41 96 74 36 68 3 88 57 24 35 58 31 18 91 98 2 21 6 51 20 44 36 13 58 80 25 49 35 0 9 64 41 57 38 77 26 93 18 35 70 53 93 53 23 37 4 26 10 10 29 83 6 18 96 16 98 21 65 
85 73 75 49 15 84 39 44 62 84 62 98 54 16 43 8 91 80 12 17 91 74 99 26 32 0 22 49 67 95 14 52 68 41 53 35 26 92 80 88 28 94 86 35 62 30 95 54 62 7 23 5 33 74 31 65 91 53 14 10 0 81 62 21 22 67 56 48 11 88 37 40 83 75 75 97 57 70 51 20 29 75 25 14 49 9 31 93 62 98 3 15 79 18 36 1 85 92 2 49 33 91 89 16 66 16 13 76 86 17 96 67 92 73 81 93 82 64 38 97 
62 94 64 41 12 0 95 49 44 49 98 77 40 39 45 58 55 59 86 93 76 82 12 20 8 93 0 42 58 4 91 72 98 55 14 62 7 61 63 4 62 14 81 2 5 27 12 13 38 99 6 66 33 19 86 93 64 3 36 74 59 79 47 57 87 13 71 46 26 87 50 88 53 32 42 58 11 6 71 1 5 30 67 91 1 5 84 17 8 72 44 68 52 91 77 91 56 1 37 34 40 88 74 93 72 16 3 35 22 75 36 80 57 3 71 10 8 55 27 68 
80 71 88 32 14 18 75 22 19 12 56 59 52 30 4 24 98 7 11 73 34 47 53 43 50 76 53 0 83 81 31 63 52 19 47 19 89 22 41 8 35 50 19 39 32 75 16 31 83 27 56 69 75 61 13 77 37 66 40 20 47 71 84 52 42 31 71 32 6 64 92 93 14 64 32 47 39 48 30 74 28 38 44 55 99 57 32 36 23 24 8 23 47 44 27 42 28 50 26 34 14 18 27 29 82 59 28 74 60 10 48 40 48 92 95 47 1 79 35 77 
4 95 52 51 40 79 45 68 29 71 54 95 42 81 24 76 92 4 50 52 66 99 44 14 43 39 13 97 0 0 74 23 96 26 26 88 57 24 8 86 95 62 81 37 95 58 14 87 14 16 92 81 67 36 47 11 76 61 60 95 13 34 70 61 12 48 49 69 72 9 7 20 71 40 9 66 98 23 6 65 40 98 46 59 34 45 70 62 58 30 9 72 16 31 33 28 80 35 49 4 96 56 76 68 97 86 86 47 9 92 64 1 42 62 61 77 8 83 91 66 
66 1 90 34 32 76 15 64 11 64 69 7 73 45 27 22 31 66 21 93 58 86 46 1 48 59 30 56 43 0 75 61 74 65 95 7 41 10 23 4 27 44 64 0 42 43 74 25 9 95 18 20 81 17 21 82 76 3 90 71 76 65 32 51 31 80 10 24 42 33 29 69 78 45 21 20 88 95 45 98 43 16 18 76 33 91 58 61 46 49 33 22 66 17 25 49 97 87 74 40 21 55 61 51 0 35 23 40 30 68 90 25 36 60 2 21 3 12 83 49 
61 16 24 80 33 1 29 83 89 3 75 62 10 36 13 10 71 36 3 54 56 93 31 45 54 33 66 57 46 49 0 59 17 83 39 3 84 21 38 73 24 13 35 35 1 0 97 25 88 0 31 97 94 62 42 0 48 8 57 46 10 16 57 79 51 97 82 36 70 20 61 94 85 49 81 39 49 31 64 90 31 95 87 77 9 29 29 57 89 87 55 51 55 13 31 7 62 65 95 32 38 56 26 75 57 60 14 7 91 78 97 74 25 84 52 35 65 81 44 6 
20 0 58 28 13 41 87 75 6 82 7 96 90 85 72 48 45 86 7 88 65 56 63 42 92 15 77 57 48 74 63 0 26 73 1 39 14 88 66 73 22 25 69 64 62 41 12 8 28 71 96 45 27 11 87 19 78 17 76 79 43 92 0 69 17 53 60 32 41 78 57 15 3 26 79 65 20 44 25 0 15 74 45 43 85 84 62 64 53 91 43 96 35 95 17 52 48 77 36 41 55 93 56 10 72 35 76 92 79 53 92 95 27 89 90 65 25 52 81 79 
95 24 75 30 71 93 83 19 22 19 12 30 65 68 40 37 3 68 81 35 22 73 82 1 14 72 66 39 76 99 18 72 0 46 2 46 91 37 65 13 9 29 43 74 97 36 63 53 4 44 88 78 69 22 32 83 94 50 22 70 50 93 42 73 91 97 72 82 34 89 47 43 19 43 69 16 79 32 69 35 76 9 66 97 83 98 80 77 48 55 0 98 0 94 24 91 91 96 25 78 85 72 73 4 67 43 73 46 75 42 34 4 4 0 1 87 98 34 17 46 
41 69 97 41 63 21 32 7 69 57 85 54 81 58 11 49 53 84 47 81 78 81 85 82 33 38 22 83 24 91 30 65 60 0 6 23 0 90 30 21 99 67 75 33 78 86 82 31 22 81 12 1 15 49 35 48 40 9 32 64 0 14 82 60 93 40 36 45 31 18 66 82 38 93 15 16 32 49 47 54 83 12 7 98 61 43 98 1 52 82 18 5 96 0 17 41 40 53 38 23 24 56 6 62 50 73 78 34 75 77 88 58 89 48 56 51 91 54 4 95 
37 22 0 85 74 70 79 15 75 17 90 99 26 96 13 28 22 43 62 97 21 2 55 62 50 11 65 41 17 22 89 6 44 41 0 71 11 23 86 87 92 76 38 18 25 52 46 99 95 8 96 68 11 51 83 13 14 48 7 83 70 96 42 67 37 86 38 1 9 76 40 53 4 78 72 81 30 18 80 78 79 28 98 42 31 81 55 45 82 62 81 4 58 23 23 48 9 13 1 70 41 41 23 46 19 47 79 2 66 60 32 97 40 30 39 72 64 94 69 98 
9 50 2 19 25 78 19 86 91 20 56 33 61 32 31 33 79 10 35 97 22 19 46 63 49 85 35 65 32 4 63 93 7 18 12 0 96 32 19 87 4 27 72 66 11 3 51 43 66 86 92 88 5 39 3 6 76 38 24 8 95 87 1 2 5 66 86 53 50 57 41 54 85 65 72 48 21 23 91 87 61 36 75 18 75 79 77 51 69 1 12 16 40 65 18 46 83 57 99 33 14 92 40 51 10 64 52 31 88 43 18 1 31 93 72 6 24 49 10 46 
2 74 62 42 39 33 88 23 90 40 8 56 84 0 60 94 65 12 25 53 7 43 6 39 89 78 97 65 79 7 11 81 81 74 76 73 0 64 48 97 56 8 5 93 9 65 87 74 77 65 79 85 8 85 76 49 16 73 67 47 33 78 81 14 52 57 39 11 73 39 60 30 48 66 23 9 83 62 83 61 27 14 98 88 51 74 37 67 47 56 67 80 35 48 47 39 5 38 3 78 78 63 60 78 81 83 87 65 98 22 26 25 36 76 13 87 50 3 7 49 
59 74 82 46 22 81 38 79 71 41 57 1 4 18 79 86 53 18 3 3 92 29 29 28 57 94 68 7 49 75 8 61 1 42 7 75 23 0 54 95 38 63 96 95 81 28 33 87 98 36 90 91 65 71 71 22 66 39 81 67 66 41 28 67 84 88 94 59 85 48 54 24 12 3 71 45 83 4 84 33 40 27 24 57 98 48 31 16 87 12 84 6 5 64 25 89 52 20 49 38 20 55 14 84 10 85 82 45 89 66 79 29 45 55 86 96 3 17 12 43 
81 48 49 86 13 74 28 65 46 77 55 67 84 69 3 95 6 85 40 95 4 71 76 49 27 14 45 30 83 10 25 16 10 74 3 23 1 83 0 99 12 48 66 96 70 22 43 76 7 36 24 11 7 0 13 34 67 58 17 50 20 94 67 31 69 22 54 22 5 47 21 17 48 40 65 18 62 9 94 21 45 70 33 52 23 46 39 90 56 8 40 77 2 59 60 23 81 66 97 38 14 71 7 62 11 73 80 25 82 26 46 27 97 31 31 20 77 70 62 86 
30 54 15 85 14 75 8 47 41 6 86 7 77 93 69 40 66 1 65 48 80 63 27 29 95 59 1 24 81 63 10 64 17 25 49 31 52 57 79 0 15 17 1 44 62 23 36 29 24 1 29 56 17 9 85 12 20 86 36 1 49 99 17 19 76 66 2 29 76 33 23 91 50 76 88 13 99 24 94 76 78 23 32 95 84 18 59 4 56 95 58 58 46 75 77 23 42 31 52 18 65 27 61 15 3 1 80 3 26 74 79 56 50 63 3 34 33 62 39 90 
9 97 0 56 24 29 79 66 60 83 36 25 10 50 93 13 51 73 68 77 48 99 85 50 63 88 84 48 50 75 90 12 72 90 68 49 71 99 15 32 0 4 9 44 54 2 57 5 76 78 35 76 77 20 26 92 9 10 41 11 38 31 23 62 74 43 11 45 42 27 29 76 31 39 20 85 41 30 42 69 60 77 97 37 98 23 82 7 86 75 70 24 58 94 86 32 89 98 30 84 77 59 60 60 50 33 97 44 15 39 13 75 17 11 64 15 86 98 74 72 
73 96 48 32 90 35 16 32 85 46 16 62 58 28 74 8 61 71 52 28 10 18 55 79 81 72 46 67 70 72 92 96 69 92 28 11 79 96 43 64 95 0 78 53 88 52 61 1 23 66 30 86 36 37 17 17 9 64 36 32 36 80 28 5 73 8 69 52 4 12 69 99 72 47 4 60 52 66 13 27 84 95 13 72 33 31 89 42 47 77 74 35 58 54 93 83 62 62 87 67 74 56 18 46 4 23 58 8 41 72 35 77 67 1 49 52 84 38 47 31 
67 21 66 77 28 59 60 90 21 48 9 96 4 28 94 60 51 5 68 44 29 56 21 48 57 70 1 41 60 48 24 27 21 90 57 49 2 17 40 75 17 1 0 74 29 18 86 32 75 7 76 4 63 49 52 20 71 5 13 31 53 37 11 27 79 68 76 81 37 68 57 55 70 80 81 51 50 67 36 25 74 64 81 89 14 34 9 85 39 74 69 45 11 80 72 91 0 0 24 37 21 33 44 43 66 77 46 68 45 82 94 71 47 27 61 61 61 22 98 53 
97 19 50 60 99 74 3 51 74 28 41 47 61 37 42 27 15 89 96 60 71 42 83 18 69 96 31 83 19 82 88 68 1 90 80 53 64 84 4 90 12 97 38 0 35 80 5 50 21 53 62 93 95 97 63 16 94 95 51 65 29 91 33 30 81 13 35 45 49 92 36 61 89 26 87 24 58 44 26 80 97 40 25 44 38 88 60 32 35 64 97 64 7 82 47 89 47 34 86 97 26 74 58 68 52 97 44 63 41 71 95 90 11 20 34 49 60 47 81 96 
11 30 12 70 12 11 59 60 46 98 57 24 72 67 92 77 17 37 40 10 8 35 1 71 55 35 73 15 82 54 63 93 37 28 64 49 39 75 61 37 25 18 62 50 0 6 27 55 43 67 65 3 54 66 27 61 2 0 28 84 6 92 30 43 72 46 93 11 73 6 1 99 25 15 49 15 21 76 70 65 95 35 20 49 54 47 10 56 47 90 92 6 82 22 49 54 20 94 18 94 1 71 93 78 86 94 93 7 70 63 24 17 50 97 18 4 44 28 12 44 
18 57 2 53 79 51 59 52 46 29 46 99 0 91 77 86 85 70 46 7 85 70 24 87 67 42 44 64 22 56 60 92 13 62 97 45 65 57 49 63 38 95 62 39 38 0 77 75 61 23 82 98 94 58 86 13 52 30 29 26 38 41 70 4 55 68 49 21 77 98 84 15 45 99 6 35 90 84 10 4 7 44 2 53 54 40 19 58 22 0 84 61 42 6 17 97 74 18 70 3 16 7 71 13 6 77 0 96 13 10 0 21 6 55 26 12 47 45 70 22 
46 6 35 40 12 52 89 39 70 60 42 38 67 65 3 73 95 3 21 8 65 74 29 71 81 56 83 80 53 5 2 99 11 37 39 23 89 29 62 59 41 57 97 8 74 0 0 69 55 6 78 20 32 59 91 13 67 26 94 21 31 96 72 42 34 64 18 75 93 32 35 86 41 84 46 16 37 31 85 92 37 15 13 70 75 56 35 42 35 29 15 18 78 88 13 64 52 31 39 97 15 26 83 57 63 29 25 52 60 62 44 49 78 9 19 5 18 55 99 53 
36 15 71 66 3 84 30 55 67 22 4 35 0 87 92 15 68 69 67 28 83 64 77 13 25 49 18 43 56 70 48 92 85 72 11 40 8 41 95 28 15 99 63 68 38 7 83 0 76 51 86 11 15 63 25 92 64 43 36 20 65 36 65 50 60 76 90 21 69 37 49 85 88 64 5 78 71 88 84 99 39 70 10 6 86 35 51 2 31 39 23 96 75 40 99 88 68 89 9 37 79 10 74 19 74 79 98 45 68 82 44 59 5 6 18 43 42 69 45 25 
8 20 73 35 60 72 23 28 14 84 18 93 94 92 12 68 24 10 13 44 45 9 3 2 16 73 45 10 42 90 87 2 11 60 38 23 33 13 4 47 98 22 92 92 66 56 61 90 0 26 34 64 88 90 66 56 63 11 18 58 53 5 60 16 65 98 40 50 64 44 49 62 66 93 54 32 50 67 75 69 46 9 85 34 99 51 90 63 14 8 21 19 65 33 36 82 32 76 33 48 72 34 10 38 28 16 22 30 36 97 99 82 59 84 68 58 87 10 73 53 
70 46 72 35 80 60 17 64 88 2 12 60 37 22 50 17 90 73 47 26 22 98 60 81 82 80 92 21 90 65 26 60 12 50 95 44 11 65 8 99 67 20 60 56 94 62 25 84 35 0 63 10 22 75 43 4 56 35 77 98 53 3 59 17 6 6 61 17 71 69 68 91 89 80 99 35 43 77 71 30 1 86 40 24 62 36 80 70 71 58 68 76 13 27 93 19 86 54 88 9 23 57 52 64 89 4 99 32 81 23 15 82 9 7 6 71 43 87 93 15 
97 62 91 10 41 37 82 27 91 70 89 67 79 41 83 69 45 35 53 26 58 68 61 67 76 67 91 19 6 84 86 3 46 30 66 40 19 48 67 10 70 8 29 50 50 65 19 47 0 24 0 58 93 87 77 21 54 68 92 13 53 79 68 51 61 34 91 80 34 11 42 5 19 24 7 21 89 26 69 89 50 95 99 95 82 28 16 88 97 9 1 2 40 22 5 53 56 97 85 43 60 27 0 79 51 7 1 92 85 22 81 87 17 32 83 99 61 51 87 10 
60 41 12 52 63 69 5 71 18 90 66 78 70 66 10 73 73 63 66 58 85 99 46 2 84 81 53 45 32 92 55 45 33 19 97 48 88 55 72 59 97 38 37 67 5 47 93 30 62 11 41 0 62 87 1 46 20 54 91 52 47 98 49 32 69 47 33 10 54 5 69 51 43 58 71 0 6 16 31 68 27 72 68 89 11 69 36 31 76 79 35 75 30 85 7 51 84 92 61 38 97 82 89 93 41 12 93 99 28 76 19 55 48 87 97 11 9 85 42 85 
16 30 60 46 15 19 98 99 12 11 37 61 94 78 54 87 91 0 86 19 76 5 27 25 93 24 36 2 61 31 87 77 61 99 24 28 18 74 27 82 37 16 44 31 46 98 18 89 98 56 9 75 0 88 52 7 64 40 9 25 71 48 2 84 99 78 12 17 52 91 0 42 59 96 73 6 94 44 95 45 0 56 20 14 96 24 21 60 64 82 85 88 82 88 24 81 18 37 51 23 80 3 65 40 99 90 98 45 34 45 90 87 54 62 53 50 86 75 11 3 
57 48 91 92 88 15 73 7 4 24 30 37 79 95 29 78 37 79 24 24 24 66 11 30 29 16 81 15 91 44 70 1 92 61 93 33 29 18 40 85 95 22 22 74 69 3 5 6 82 81 30 59 47 0 89 76 10 22 44 53 66 14 6 11 28 51 44 9 70 36 46 17 10 21 43 79 24 48 37 7 29 20 66 77 13 7 5 75 30 1 81 96 68 87 59 96 91 55 57 13 43 3 30 53 24 73 32 1 74 22 60 3 42 78 32 55 85 90 83 15 
91 64 64 59 3 23 7 94 31 64 7 74 20 89 28 96 15 12 97 89 34 9 44 28 87 29 36 73 19 19 88 62 35 4 74 90 28 81 85 11 98 44 85 18 86 65 66 1 78 64 90 64 25 34 0 13 63 29 86 34 0 26 97 35 31 71 25 11 4 62 22 2 59 59 72 45 25 39 46 55 55 88 19 80 74 64 93 38 45 31 24 45 58 21 32 41 44 10 4 49 72 78 51 83 37 76 28 62 15 26 17 70 66 89 2 41 53 96 31 99 
79 55 96 89 29 29 30 73 39 34 22 63 12 26 99 2 2 79 16 17 6 34 39 24 75 93 65 80 41 96 31 21 4 28 10 33 9 93 58 0 27 81 63 92 59 14 94 61 94 10 30 52 96 21 76 0 66 42 4 8 90 87 29 46 67 91 79 76 84 38 28 12 71 44 56 82 58 2 43 52 12 25 4 61 98 81 36 64 75 92 72 17 80 53 64 99 45 43 76 29 33 56 93 56 0 1 38 59 3 33 11 68 10 16 81 8 49 17 25 24 
10 49 41 90 3 57 89 0 53 17 81 86 26 75 95 26 76 33 85 32 67 49 0 77 17 81 38 66 98 15 42 8 64 35 50 19 93 92 71 46 61 53 84 87 80 79 14 8 13 51 40 32 0 40 61 17 0 51 35 24 66 29 84 83 65 35 54 10 79 26 56 40 79 92 80 59 72 46 67 37 97 60 21 50 52 82 19 26 86 55 50 52 36 86 87 1 21 42 11 52 68 19 45 47 64 25 58 36 71 25 25 68 85 46 18 38 80 90 16 66 
45 18 71 81 4 58 35 78 0 98 30 68 70 75 67 34 0 25 22 23 3 47 44 40 93 14 30 25 4 46 92 49 16 63 83 73 21 70 51 74 68 33 42 90 9 62 24 61 87 98 37 42 45 81 83 90 95 0 16 0 12 60 1 80 23 36 53 96 6 4 70 27 90 65 17 99 27 94 12 66 92 49 9 90 82 92 32 78 57 0 30 21 60 31 2 83 68 7 32 26 12 2 5 2 19 75 53 46 69 17 13 13 19 74 55 1 66 88 31 75 
88 61 97 49 45 51 84 65 58 68 91 22 71 97 76 42 72 81 89 93 99 54 58 70 28 14 71 46 54 55 73 42 16 70 43 61 73 80 26 32 48 70 6 71 19 83 14 43 16 55 36 15 61 46 37 89 12 61 0 66 16 60 61 84 83 56 46 56 36 24 40 85 46 99 8 65 82 74 60 98 29 48 66 90 95 55 31 7 16 70 26 32 31 87 17 66 43 15 22 32 91 15 69 38 14 77 55 48 52 16 98 33 64 16 76 11 72 59 71 88 
30 97 21 61 36 90 27 79 5 1 63 96 68 32 86 82 10 94 82 14 10 81 99 26 97 75 38 69 35 9 10 65 58 83 78 94 73 57 25 30 58 89 26 27 21 65 61 83 59 44 49 21 25 49 47 74 24 37 96 0 98 6 28 56 41 6 2 14 15 28 44 74 69 22 53 90 87 66 74 98 10 75 19 87 24 19 14 1 56 10 64 7 68 93 63 9 51 66 75 67 46 19 93 15 41 46 57 81 64 83 31 75 59 51 14 83 22 28 36 78 
38 1 85 58 94 1 67 45 19 42 64 17 13 57 32 7 55 89 40 20 25 71 47 84 74 61 19 96 90 56 27 28 57 12 39 51 65 58 48 84 53 65 1 66 22 85 73 78 27 13 50 52 85 97 88 11 58 7 8 0 0 35 29 72 99 20 23 65 78 24 1 31 89 55 98 63 92 23 93 19 89 43 23 26 92 11 37 3 71 45 3 34 80 84 7 32 4 82 97 83 58 50 66 99 5 16 63 98 40 8 69 29 52 45 55 96 56 44 99 79 
90 55 66 22 39 25 54 44 59 3 79 18 54 45 69 11 62 84 9 54 93 31 83 97 76 90 93 84 34 45 64 76 0 30 99 39 55 5 35 14 61 66 84 15 12 6 26 26 90 88 80 83 19 15 32 95 57 78 79 91 23 0 20 75 77 19 66 32 76 2 99 37 68 35 4 32 41 83 10 32 71 42 67 42 57 0 89 66 78 20 58 53 16 78 28 93 49 94 78 77 48 29 15 69 64 71 1 6 54 12 90 77 6 9 19 64 61 8 82 39 
29 40 44 97 70 24 90 71 19 20 49 19 49 16 88 14 87 90 72 94 54 14 71 60 23 91 76 37 51 59 28 32 51 73 29 74 97 72 97 68 92 98 88 42 14 76 8 54 18 32 48 72 46 71 85 21 14 13 58 66 24 87 0 28 12 28 2 9 52 51 78 44 50 18 38 16 94 98 70 13 30 70 37 28 94 74 2 8 88 12 74 64 51 25 92 63 5 46 25 57 98 55 53 0 73 92 16 67 42 87 32 73 9 70 53 3 44 55 12 84 
20 38 49 71 63 93 35 68 92 60 77 90 15 31 90 88 75 6 7 17 45 40 42 7 10 96 62 6 3 74 43 23 65 92 95 28 37 82 49 29 42 26 71 9 57 13 49 84 72 56 2 69 48 44 76 10 92 39 17 96 65 60 71 0 4 66 11 93 48 60 23 42 38 94 3 96 8 52 32 32 61 34 1 61 31 78 72 23 69 41 19 34 1 43 65 57 9 76 50 10 88 25 4 26 20 60 74 80 64 7 12 25 41 13 87 72 43 11 48 12 
52 19 47 5 62 64 62 24 92 64 34 80 90 90 58 62 50 33 42 15 40 6 92 33 71 31 58 67 42 6 79 46 25 78 51 88 94 13 12 86 30 98 18 20 40 77 82 43 10 76 10 2 34 2 87 57 86 97 24 80 3 56 27 81 0 78 21 29 44 85 67 74 35 86 46 75 63 28 70 25 56 80 27 90 35 66 47 21 64 24 1 19 80 80 0 66 59 73 95 55 58 63 29 93 1 27 21 64 55 91 89 11 24 68 53 59 86 52 32 50 
76 85 22 8 66 74 75 77 48 70 32 6 85 13 52 38 40 25 2 47 68 43 10 92 63 15 3 2 67 35 52 96 21 26 4 39 1 79 16 49 2 0 7 39 65 11 78 57 88 32 56 57 76 66 1 91 33 5 93 0 92 98 96 65 24 0 4 77 32 72 26 86 24 86 26 41 49 4 50 38 36 6 95 64 24 48 8 57 5 53 10 50 3 58 15 80 11 72 57 96 96 36 82 73 22 60 66 71 64 17 61 53 75 8 69 0 57 77 9 14 
83 19 64 86 78 80 66 41 4 24 37 52 60 72 25 34 32 92 57 49 9 19 2 84 79 23 36 88 53 46 3 36 17 67 22 95 99 89 89 55 65 78 8 77 50 33 11 35 25 20 84 86 91 38 23 71 61 59 59 14 57 14 50 75 82 73 0 33 14 11 89 79 90 97 8 92 82 71 27 8 91 11 46 35 49 21 58 11 81 69 25 90 84 28 65 18 53 40 51 67 51 92 98 93 89 58 86 72 29 13 32 72 25 30 7 26 52 65 37 85 
35 15 75 71 43 93 89 48 33 92 67 36 85 65 30 74 23 68 98 4 81 82 76 58 65 84 85 17 1 74 54 88 41 29 59 36 74 0 84 59 93 51 96 78 68 78 4 43 46 55 47 79 89 24 38 54 8 75 71 61 49 25 50 91 7 61 27 0 62 12 45 7 15 41 37 84 71 41 27 69 48 75 48 38 99 86 92 59 61 16 72 63 93 22 54 52 36 33 86 50 97 31 57 13 24 94 97 47 87 76 16 36 51 64 26 2 3 18 13 16 
86 86 79 80 60 85 32 48 19 70 98 68 53 55 81 29 1 30 76 89 59 92 77 10 9 3 65 64 73 30 80 60 68 60 92 29 97 76 77 68 99 28 37 52 35 70 82 37 1 10 78 60 55 55 22 64 58 39 28 83 70 60 95 38 72 87 19 70 0 49 38 15 77 27 19 12 98 53 1 51 64 79 11 19 34 85 35 44 77 15 80 47 75 75 37 48 15 9 70 31 58 8 46 87 88 17 51 86 71 53 37 35 32 0 6 19 37 41 15 14 
56 95 61 31 71 51 31 38 60 1 69 70 62 67 9 50 84 60 36 55 65 25 42 98 25 48 69 62 89 84 77 97 32 90 29 55 93 12 93 5 66 62 75 28 81 36 30 17 97 18 73 62 43 67 12 20 16 33 34 5 70 63 55 2 54 36 9 99 48 0 5 14 16 32 94 97 69 76 66 18 94 39 80 89 59 45 9 75 78 96 32 48 59 87 2 13 23 11 65 24 13 70 38 81 54 85 30 23 61 97 41 8 88 74 97 47 19 59 22 97 
55 7 98 66 94 0 32 70 12 97 94 77 19 84 59 73 21 89 49 35 86 42 43 75 68 92 22 87 3 97 37 10 4 87 77 50 87 9 72 51 6 18 29 77 3 88 50 76 77 51 11 16 94 54 91 62 99 65 2 2 62 91 65 18 78 42 69 65 3 93 0 61 12 98 38 15 38 40 43 15 92 55 31 38 61 74 52 60 40 54 15 2 45 80 73 75 22 42 93 77 87 62 38 99 60 76 66 98 16 10 65 60 65 49 98 26 23 51 39 15 
57 54 70 55 34 43 30 8 37 23 85 24 37 75 24 49 51 90 99 19 52 65 32 17 66 30 96 41 33 35 57 91 89 79 46 75 22 76 83 59 52 20 83 89 95 59 39 98 50 90 69 2 55 1 72 73 84 20 67 17 55 24 8 96 55 6 71 77 35 6 36 0 78 71 28 25 31 19 75 33 10 44 87 17 98 11 43 82 31 10 51 38 86 60 34 41 18 57 18 53 15 6 40 93 29 21 18 12 92 45 45 2 90 85 72 88 96 15 22 80 
25 73 18 11 85 5 4 56 62 22 9 78 80 2 23 9 23 94 22 15 39 19 70 81 56 42 21 5 9 43 85 86 69 55 49 6 60 53 62 75 27 24 53 7 26 28 68 1 74 42 16 14 14 38 95 70 32 69 75 93 64 12 79 33 68 28 92 80 33 6 55 60 0 60 19 56 89 88 9 63 30 78 29 96 16 77 67 1 46 94 94 10 59 74 96 27 54 40 59 88 46 15 48 77 75 68 85 16 8 95 32 90 73 61 87 41 90 6 42 36 
0 89 99 59 63 95 38 69 35 98 9 33 65 10 62 40 30 48 9 38 95 41 80 20 54 67 13 45 73 8 81 26 97 80 37 12 27 28 81 14 78 43 48 43 53 10 35 83 10 44 73 57 37 53 29 92 73 43 37 46 51 70 24 48 51 14 60 30 42 93 45 20 36 0 15 89 55 2 24 18 99 97 75 36 51 5 28 24 0 17 22 51 88 99 51 91 13 63 21 7 8 18 79 97 63 46 86 71 48 63 89 47 12 16 36 63 73 16 39 73 
34 14 76 22 65 79 13 30 94 86 37 3 5 68 0 20 14 38 91 62 53 32 62 66 1 98 81 74 14 73 0 48 87 28 22 4 60 87 34 54 74 23 9 31 91 9 51 5 0 95 19 53 79 33 19 80 31 1 55 98 26 7 98 13 35 73 69 47 60 3 2 34 26 11 0 69 73 69 26 25 64 97 78 43 31 50 24 14 3 31 64 29 38 63 94 25 88 63 73 48 18 27 83 96 90 0 17 63 69 43 40 85 40 71 81 23 21 57 90 76 
88 54 57 78 69 3 55 57 18 80 6 36 59 41 32 50 41 49 65 63 44 6 0 36 77 81 12 50 38 2 78 78 8 35 8 30 38 16 87 56 48 45 44 8 38 28 58 80 29 23 95 73 81 95 61 58 29 73 60 19 75 38 98 36 73 58 66 63 26 5 71 75 51 67 35 0 95 93 21 24 68 68 49 50 64 11 60 45 84 21 64 12 11 14 0 85 25 66 0 51 71 24 78 74 91 13 64 39 6 37 63 27 6 65 29 22 76 41 67 12 
14 83 76 26 98 76 11 23 94 63 26 66 39 5 92 31 18 56 22 77 46 37 56 4 2 85 26 78 78 45 43 93 28 71 19 78 0 82 53 94 45 80 12 37 37 5 68 7 13 42 84 59 79 92 63 82 29 41 12 8 38 7 1 19 79 20 97 79 2 3 25 99 35 38 36 72 0 56 79 8 98 16 68 78 8 83 60 38 77 24 98 15 32 99 86 11 19 36 42 73 39 67 72 74 57 9 98 0 65 29 61 16 45 81 94 6 64 6 96 93 
30 94 61 14 45 47 25 16 83 19 89 74 87 61 48 44 22 98 97 88 28 58 56 25 39 50 83 55 8 31 1 38 77 62 53 22 9 30 38 45 50 27 19 89 41 20 85 63 70 34 3 98 92 59 76 83 9 59 91 69 43 92 8 20 54 13 43 15 95 33 60 97 61 32 86 54 52 0 17 22 6 21 73 51 32 49 86 94 60 77 63 3 69 23 76 75 36 19 91 32 52 3 81 65 35 68 19 39 92 89 14 50 62 39 53 94 40 40 88 52 
69 52 56 91 75 84 66 64 3 9 48 7 13 29 25 0 49 96 92 41 85 58 44 99 97 97 94 89 37 34 41 59 38 49 50 66 33 16 82 88 26 30 48 91 11 73 43 61 21 87 54 59 45 98 58 94 48 4 83 37 39 77 96 29 26 46 95 12 15 77 0 93 59 48 36 71 73 79 0 95 67 90 54 64 41 64 59 89 69 94 78 60 23 75 89 50 73 85 14 88 14 66 81 74 15 17 97 40 49 81 35 68 23 41 32 64 6 43 5 75 
90 84 35 13 11 24 15 84 61 29 25 76 96 58 50 63 28 99 3 77 32 91 45 55 32 29 20 90 25 77 17 15 61 52 28 72 29 96 9 42 77 34 18 73 92 20 88 20 71 44 49 3 35 46 59 19 28 31 62 53 8 79 68 70 84 48 94 65 96 3 7 74 89 78 99 82 50 88 54 0 32 56 25 19 54 84 90 82 15 52 35 76 84 55 46 68 56 92 33 52 96 40 78 85 18 78 19 69 18 26 91 2 34 68 21 88 53 63 71 20 
68 58 96 52 66 94 20 74 87 53 78 35 45 57 72 16 35 92 85 53 70 28 55 4 96 28 92 1 43 15 74 11 26 22 63 92 17 83 66 56 88 44 91 34 53 63 2 40 7 87 45 77 67 52 33 15 80 26 69 24 93 95 87 19 17 51 11 86 86 29 42 75 26 85 61 79 49 63 20 8 0 17 86 21 70 19 88 50 97 9 26 43 4 14 62 22 17 26 8 3 55 3 30 33 88 43 65 37 58 37 46 12 54 84 33 24 55 74 27 5 
83 53 48 88 19 10 62 36 88 22 92 96 25 74 29 14 18 94 51 76 83 49 89 38 85 74 62 41 48 89 98 84 95 46 72 14 8 86 3 97 8 47 93 34 21 74 48 91 21 51 20 4 53 61 42 38 35 5 31 36 46 29 20 41 27 92 8 36 78 63 85 86 62 30 20 35 4 20 27 25 72 0 30 25 8 24 15 95 81 47 31 28 28 51 21 56 95 81 44 25 44 29 64 58 11 36 94 15 57 21 93 81 20 23 6 80 99 21 75 81 
20 59 9 1 10 82 57 58 64 53 83 60 34 99 19 45 36 13 60 93 86 53 74 58 28 32 38 28 5 65 9 78 24 70 79 87 52 88 97 68 41 32 29 75 32 48 20 68 13 32 13 99 38 39 57 18 23 47 46 80 64 7 58 41 77 37 28 82 25 77 50 18 9 79 93 41 79 65 61 92 50 74 0 88 65 52 6 88 99 5 69 64 12 79 5 42 17 85 76 94 62 26 13 23 58 58 17 89 76 78 82 26 5 25 66 70 78 24 11 29 
81 32 45 46 11 2 88 80 39 16 27 1 94 40 77 52 50 94 42 26 72 76 52 29 53 70 52 83 95 15 13 76 47 10 22 10 13 62 43 52 30 70 6 25 62 83 29 64 29 23 91 1 99 95 83 53 66 35 88 13 50 53 41 49 64 16 59 77 30 54 81 61 76 87 86 90 22 15 55 3 91 98 57 0 93 40 95 11 75 84 76 25 37 70 26 53 38 37 82 68 92 64 81 20 3 67 11 78 35 18 81 26 16 38 68 61 78 16 25 5 
52 53 82 41 23 8 95 61 46 77 82 90 93 63 10 97 83 73 75 70 91 8 96 59 47 16 73 77 32 98 83 36 3 65 78 79 74 73 92 72 2 74 62 96 90 72 93 73 46 20 43 89 80 91 49 27 59 22 5 92 72 40 80 27 5 58 6 31 83 99 3 86 25 65 82 15 90 27 40 88 99 83 77 79 0 78 59 86 52 64 30 76 4 10 4 61 69 10 93 4 61 48 90 39 66 24 54 56 3 47 44 2 30 73 34 9 52 93 95 4 
9 25 81 65 87 85 78 8 47 71 13 61 72 3 0 38 80 6 94 83 53 90 38 36 63 24 45 15 69 40 72 78 17 5 95 56 42 73 65 89 97 78 2 69 33 54 7 13 13 53 49 66 43 39 54 58 63 51 74 84 43 98 14 60 3 9 17 45 34 82 86 31 12 89 52 45 95 11 11 8 64 12 27 7 51 0 66 66 33 92 50 76 42 64 89 45 25 58 90 11 92 28 95 4 17 47 1 13 59 12 73 75 76 0 35 79 82 53 45 67 
45 47 43 39 63 32 84 40 90 26 52 34 54 47 38 24 94 40 89 5 4 62 81 33 63 16 12 97 21 58 64 18 57 7 57 73 92 41 13 34 19 65 69 73 64 59 49 11 51 38 68 56 1 49 89 16 17 53 13 38 11 77 8 21 36 65 94 80 58 59 67 77 77 36 3 41 47 52 52 99 91 73 7 44 22 96 0 92 49 25 82 13 54 91 86 90 8 32 23 67 91 90 96 68 78 99 62 25 4 66 24 47 39 31 91 14 79 3 58 81 
80 40 46 34 83 32 76 44 16 99 11 7 89 7 28 19 59 42 45 63 8 21 10 0 53 53 14 84 56 72 65 88 64 63 22 0 47 50 44 63 2 7 23 43 14 3 63 25 45 8 88 5 29 98 5 34 51 71 19 59 95 36 47 60 0 21 12 47 24 8 63 26 15 86 69 81 89 32 7 86 92 95 91 22 46 49 56 0 20 27 9 16 64 8 28 16 30 40 63 6 0 78 32 15 64 1 96 5 86 55 43 78 51 35 0 97 84 9 46 56 
88 55 72 52 16 52 20 98 44 84 4 44 14 36 59 31 89 8 36 75 63 32 54 66 67 6 15 3 67 14 11 56 21 84 60 37 88 81 35 33 17 39 77 31 27 89 62 17 49 51 44 12 83 50 31 2 57 98 57 76 12 68 84 34 4 45 71 93 78 59 78 95 98 55 78 26 44 93 95 93 96 39 58 31 90 41 85 99 0 42 27 4 62 12 90 19 9 61 64 87 72 42 34 71 97 64 49 94 57 44 39 5 35 49 36 77 90 21 76 82 
15 56 86 78 68 76 49 77 89 13 16 62 55 50 85 4 66 86 98 24 30 90 81 17 39 18 95 30 91 23 64 7 79 50 37 47 78 38 76 19 51 92 33 58 94 18 14 61 4 13 37 86 55 18 4 94 36 51 76 80 74 40 87 54 42 76 1 20 14 78 40 17 70 25 75 17 44 89 78 0 54 15 39 61 33 95 56 22 46 0 2 20 73 41 74 67 69 28 88 83 58 80 52 80 5 79 97 1 20 75 54 27 90 93 88 24 40 44 98 86 
29 0 58 54 93 85 21 62 13 61 97 23 41 49 3 99 80 1 0 0 28 54 27 71 99 68 47 39 64 45 25 93 97 36 99 90 21 73 4 86 34 1 9 28 2 64 27 82 17 27 34 46 34 14 17 33 82 64 73 46 61 50 40 58 86 91 0 59 64 4 45 99 57 6 27 11 71 6 45 40 85 79 86 19 93 55 53 75 71 78 0 32 80 14 42 67 57 42 26 22 98 24 73 55 30 52 66 53 58 63 94 43 43 32 63 88 40 68 16 11 
98 38 96 78 4 90 45 61 33 24 35 31 0 8 39 30 60 57 36 18 21 82 62 64 14 77 4 54 97 20 18 95 10 66 73 14 56 71 28 41 95 63 25 95 24 64 77 84 73 65 55 94 47 69 10 62 46 15 68 43 35 38 90 46 56 63 12 65 86 92 6 33 8 83 80 32 99 58 68 73 75 23 67 23 92 78 37 90 45 57 85 0 48 75 78 4 91 91 69 77 83 28 11 91 11 91 75 11 1 44 36 77 67 3 52 12 33 89 2 78 
46 88 59 94 15 37 51 6 80 72 36 16 0 47 59 64 90 35 27 44 31 63 21 50 18 25 62 52 14 65 82 12 5 93 59 20 83 62 79 63 34 15 79 35 14 91 51 56 26 30 0 9 93 73 59 11 98 22 15 12 39 98 77 96 91 88 68 74 50 47 90 84 14 21 71 80 12 22 37 90 4 37 99 97 11 59 61 9 81 28 74 72 0 3 68 22 91 36 48 41 36 38 25 2 12 49 83 24 23 20 15 28 57 66 77 20 25 38 82 58 
19 56 30 97 59 50 19 2 87 68 43 75 58 20 77 70 69 60 95 93 80 62 73 90 28 50 62 6 89 44 64 8 0 95 57 11 45 77 13 84 97 8 59 55 29 89 78 50 49 25 95 82 87 68 72 67 19 34 73 60 31 38 20 83 85 77 95 82 6 60 19 55 69 30 63 50 19 41 0 69 66 96 3 5 64 27 24 35 61 98 95 44 88 0 28 25 45 23 59 3 35 78 59 56 61 22 6 80 15 7 1 81 55 4 38 19 31 62 7 45 
12 2 89 52 70 17 29 67 92 89 70 28 19 29 36 80 3 43 13 18 2 14 51 57 19 41 28 2 56 35 47 68 90 89 73 60 58 54 27 51 43 49 31 15 31 67 47 34 62 60 5 64 75 56 21 46 98 2 0 54 37 48 74 27 89 99 39 47 54 18 98 49 68 81 64 99 1 12 85 63 72 90 28 99 47 1 45 97 3 46 51 93 46 77 0 35 77 60 34 31 78 85 80 98 66 97 97 67 9 83 83 33 25 11 33 72 64 30 21 20 
28 72 13 74 2 85 61 79 97 48 62 76 33 94 26 51 91 76 19 52 11 54 86 36 17 19 61 81 1 82 1 30 7 66 56 9 52 18 40 49 66 54 77 51 48 4 2 92 80 73 44 91 27 30 27 44 1 40 26 3 23 79 33 30 46 89 91 50 59 31 99 77 85 77 28 85 33 83 77 13 56 74 56 84 56 35 80 58 76 58 13 99 38 98 81 0 39 72 86 51 55 37 80 40 14 9 77 47 44 7 12 0 81 68 36 37 4 17 47 32 
75 12 31 13 62 12 1 2 84 39 5 39 77 85 31 43 46 60 43 90 67 55 91 48 76 79 38 32 96 37 64 72 50 47 37 12 59 91 66 95 30 71 86 7 9 69 3 55 29 46 98 97 53 41 97 81 20 35 65 17 73 81 89 75 28 78 39 39 69 6 34 0 29 72 59 90 41 62 46 71 60 96 20 66 37 17 47 57 5 65 74 30 46 15 5 75 0 44 14 15 2 1 67 84 73 27 74 67 41 72 90 54 68 10 20 5 79 19 15 36 
84 89 66 31 57 71 6 3 68 72 70 22 73 38 6 99 65 33 66 58 57 8 12 26 70 32 83 49 52 98 86 36 40 52 67 97 76 25 52 96 98 22 18 23 60 77 22 77 62 40 36 19 0 0 97 70 33 81 20 37 79 58 25 19 62 93 68 90 70 72 38 20 95 57 44 7 86 18 85 0 11 73 19 11 73 17 82 58 98 54 95 29 64 21 1 26 66 0 69 36 42 7 9 89 16 53 96 54 71 33 54 82 6 74 94 80 43 28 38 93 
82 86 22 46 7 23 24 25 45 93 13 39 53 22 28 69 75 24 24 99 10 78 33 16 4 79 48 99 7 39 92 41 77 15 87 84 90 64 61 87 9 74 26 62 97 54 84 72 31 60 23 41 90 57 9 95 36 10 94 96 1 87 37 78 54 77 14 96 93 75 84 2 49 62 17 46 17 1 71 0 61 94 93 51 3 54 98 92 64 45 88 65 32 77 95 38 6 9 0 99 84 22 2 34 85 71 32 2 72 3 54 85 50 47 36 53 53 87 45 18 
32 85 35 16 63 31 6 69 92 92 21 77 15 75 63 0 46 95 54 18 51 60 55 1 59 43 6 12 30 4 30 62 89 18 30 4 1 36 26 93 29 47 70 96 22 85 48 68 33 54 38 84 14 93 37 73 36 43 85 19 99 68 33 89 38 64 93 39 0 19 32 81 18 55 77 92 40 77 12 73 31 50 9 45 95 98 70 84 94 8 3 93 76 36 82 14 52 28 5 0 99 37 86 18 44 16 10 85 93 23 10 25 25 72 22 73 70 93 57 64 
1 12 58 29 0 92 95 53 20 0 58 20 89 44 90 34 12 52 71 6 27 33 83 53 5 5 26 76 50 35 92 3 47 50 84 99 43 79 52 15 31 62 35 73 59 77 7 71 30 30 29 57 63 12 62 69 70 88 97 72 75 89 76 74 92 12 74 35 92 78 2 75 41 38 48 0 67 7 71 97 37 1 7 1 65 69 22 87 10 19 60 85 60 88 60 52 0 86 39 44 0 42 20 5 32 20 5 99 28 29 49 65 82 56 18 99 25 40 87 35 
11 47 73 24 35 85 28 87 71 68 32 35 62 52 41 46 24 98 97 52 79 46 18 13 2 88 13 80 29 0 67 92 99 40 16 86 25 97 73 48 17 5 84 79 9 77 77 34 75 74 38 55 21 8 20 75 97 33 7 78 85 75 70 84 67 39 70 93 36 44 93 53 1 77 84 63 54 13 97 82 87 87 89 60 96 9 36 93 43 95 71 80 70 93 65 38 84 87 83 20 31 0 25 85 6 61 48 12 74 97 94 14 84 35 74 80 45 62 25 40 
58 96 20 28 42 85 18 26 25 1 99 8 78 76 93 36 38 93 48 64 90 43 78 27 78 5 59 75 67 85 15 77 33 88 58 75 25 76 54 50 78 53 59 8 29 52 44 19 98 92 36 40 35 14 67 66 71 79 41 39 64 9 16 49 97 74 77 22 3 31 25 81 36 84 89 17 88 85 89 86 77 25 27 65 91 46 83 63 25 76 2 41 85 70 43 34 97 20 9 0 3 34 0 91 70 74 8 58 59 97 97 88 22 76 5 14 74 88 77 0 
65 31 93 2 53 88 37 2 60 46 54 63 32 87 6 2 13 15 12 72 64 9 13 39 85 18 53 60 59 82 12 76 65 57 78 70 46 67 73 6 65 27 22 97 67 28 99 80 95 12 5 60 73 18 99 11 88 4 71 99 38 35 75 55 44 54 25 42 21 98 1 87 78 23 36 45 3 36 25 51 0 82 63 25 52 14 36 41 18 59 92 8 94 68 63 91 22 88 33 95 39 34 34 0 9 71 62 65 59 39 16 11 74 79 36 26 93 73 19 63 
84 12 23 31 80 86 22 54 26 55 1 65 42 36 34 51 59 48 68 18 40 84 81 14 15 17 40 60 42 60 75 79 72 98 10 4 36 32 58 63 39 59 80 33 47 15 37 6 63 5 76 3 90 57 69 57 27 10 18 21 70 93 0 94 92 10 98 28 94 56 43 86 67 24 19 15 91 56 21 6 62 50 10 4 7 31 61 86 41 79 8 63 73 60 57 17 23 55 45 69 63 41 55 83 0 75 98 56 83 71 62 97 73 24 1 81 56 63 19 97 
94 79 13 19 40 70 36 15 78 34 84 93 75 40 76 40 67 26 48 50 98 62 48 71 87 1 4 95 64 24 44 11 55 57 30 95 28 67 10 58 53 95 51 28 87 28 20 54 54 20 56 4 82 56 28 69 10 32 16 26 8 61 37 64 18 68 11 98 87 74 56 40 21 8 68 60 36 40 14 42 60 22 47 42 31 27 64 41 59 80 67 20 93 5 36 12 25 99 10 12 25 19 52 46 27 0 6 15 12 72 9 72 47 56 66 78 83 30 71 95 
63 90 67 56 47 55 20 72 54 83 84 80 2 88 78 81 12 37 48 24 9 57 48 8 66 15 86 1 97 9 48 12 0 15 69 47 22 41 72 29 24 8 61 78 97 39 59 9 28 7 86 38 17 86 46 83 53 85 84 51 46 33 15 98 0 36 98 75 78 70 4 54 78 65 33 27 56 92 89 85 52 27 75 69 13 73 52 67 10 88 70 57 73 37 55 26 74 53 1 52 75 5 6 6 22 91 0 30 84 74 67 88 53 94 57 67 68 61 86 30 
49 8 87 23 45 95 49 19 0 2 23 76 59 82 82 33 73 67 63 57 42 83 97 95 77 54 14 97 15 0 28 17 8 67 40 54 62 41 25 63 95 49 39 54 31 73 87 4 40 2 14 34 37 11 82 67 18 96 64 85 49 44 2 57 12 94 63 26 87 89 89 82 90 80 36 21 5 75 77 46 30 43 80 67 7 62 34 25 11 51 10 60 95 13 69 59 7 33 86 47 74 27 29 64 60 18 85 0 93 14 11 75 58 44 43 17 58 77 42 69 
80 4 81 76 69 51 87 29 36 73 76 10 1 5 74 13 23 11 78 69 77 90 44 35 86 39 52 44 69 46 66 49 51 47 77 72 98 65 1 34 90 77 96 91 35 70 56 10 33 35 79 11 25 76 98 63 67 3 7 36 1 25 86 4 73 15 77 23 80 78 10 71 56 6 14 43 29 71 53 62 6 33 25 83 61 24 46 28 79 5 17 80 31 55 85 56 70 14 79 51 92 89 74 0 48 40 43 77 0 97 39 69 82 17 4 95 93 2 75 72 
60 92 4 43 47 41 99 70 55 30 73 0 72 47 0 20 39 96 97 3 45 88 24 79 5 29 74 98 83 49 22 95 94 27 38 93 20 89 63 76 72 36 28 44 35 80 16 75 76 65 78 73 53 2 52 11 83 26 9 19 28 84 14 74 63 5 67 83 94 83 11 66 19 39 62 7 20 30 82 48 95 12 22 1 66 74 12 2 53 73 21 33 57 35 7 20 40 26 4 87 9 67 5 81 7 68 88 79 50 0 27 46 34 49 47 0 76 11 2 81 
84 75 14 42 11 73 14 3 99 70 42 61 38 48 42 97 68 82 76 18 4 3 16 90 5 15 42 33 26 97 14 11 72 80 5 35 53 71 91 4 42 33 65 32 81 59 81 49 93 57 68 97 12 36 39 17 52 82 2 78 79 16 41 51 96 46 39 1 18 30 6 12 63 23 96 45 83 77 94 28 86 14 26 98 51 17 68 55 99 70 33 30 87 75 34 35 73 73 89 43 3 95 7 18 70 3 63 5 32 10 0 18 76 12 17 79 29 85 34 29 
55 68 11 94 95 45 82 68 18 71 12 73 18 19 92 88 75 7 46 7 17 80 78 46 92 95 25 21 32 60 2 87 80 14 34 27 59 68 95 30 39 59 55 9 31 47 49 58 7 95 17 24 27 95 70 19 90 48 93 74 60 95 14 92 61 48 19 73 16 66 3 7 78 10 68 61 58 69 19 65 65 36 41 44 32 64 64 74 64 57 1 24 4 15 68 18 63 87 91 31 5 46 90 83 56 10 44 66 79 15 83 0 52 25 41 36 41 57 62 5 
66 63 81 70 30 49 40 45 88 31 28 93 77 18 29 86 80 25 52 60 41 36 8 45 13 1 33 6 58 95 11 24 11 44 47 41 93 87 39 81 71 67 26 0 86 55 86 18 81 91 78 22 79 39 67 92 40 0 98 99 47 61 75 10 5 22 4 98 62 43 31 33 10 57 85 48 13 72 67 46 15 97 20 94 88 87 86 29 39 36 80 38 97 55 1 2 30 5 52 44 0 35 29 62 92 14 11 57 86 30 55 53 0 75 47 68 14 33 49 53 
69 29 44 18 36 45 72 66 2 24 10 2 11 39 64 4 6 27 13 44 57 69 98 89 96 45 57 11 79 58 16 0 87 60 71 23 57 43 42 59 20 4 61 31 96 26 87 2 5 53 46 63 74 44 4 70 42 13 81 21 71 98 73 10 10 44 85 68 40 27 27 60 84 41 43 80 19 83 34 24 36 32 39 10 29 95 32 71 8 14 44 79 64 69 89 26 66 75 46 6 54 26 18 38 67 61 70 38 44 56 14 32 41 0 42 70 49 27 93 10 
93 37 89 9 6 31 35 72 58 82 30 12 60 48 3 79 62 25 17 58 34 31 91 75 37 85 45 39 12 38 1 5 27 90 66 85 73 2 58 31 36 40 96 96 89 51 27 3 28 44 13 62 27 56 37 17 42 34 8 6 24 9 64 3 51 30 89 25 84 47 8 20 39 56 68 80 7 95 83 36 91 49 50 71 5 88 40 47 74 48 6 51 57 22 54 60 52 43 85 37 42 46 9 82 2 30 14 62 77 98 50 21 47 0 0 4 40 32 52 15 
32 10 18 41 32 72 1 84 68 39 73 62 85 35 96 39 17 11 53 46 61 3 67 60 4 11 64 44 95 68 11 27 78 29 68 10 54 22 47 74 61 72 36 98 59 33 89 76 44 43 75 57 46 42 17 50 6 81 47 1 50 10 81 28 40 49 91 46 23 90 20 84 62 56 82 74 41 72 2 85 67 77 42 13 20 11 16 26 93 63 79 95 73 60 75 65 62 66 11 85 8 83 70 23 92 4 97 33 28 99 71 95 77 65 61 0 77 77 27 22 
92 6 17 65 67 92 83 29 11 46 14 71 82 36 94 74 41 91 7 21 43 78 17 20 96 78 21 73 7 48 95 99 54 64 16 21 56 99 2 19 98 17 91 80 53 85 54 46 29 13 68 72 92 37 44 88 67 65 13 74 13 60 73 19 24 89 93 32 41 95 52 39 64 95 71 70 32 77 16 13 90 36 37 34 73 81 22 92 98 87 66 63 47 39 83 71 81 28 4 74 23 8 65 40 55 36 10 87 13 78 53 3 67 90 90 92 0 64 85 70 
52 51 86 99 43 69 23 76 49 79 50 24 87 15 64 94 3 26 33 16 57 86 71 24 77 13 16 1 78 1 23 30 5 9 81 0 30 56 76 79 35 78 4 74 45 20 68 48 47 2 16 4 40 39 28 69 53 96 70 31 98 46 61 55 55 94 55 38 51 83 17 86 13 73 13 58 46 81 6 93 35 22 49 28 61 29 97 66 25 68 97 75 14 10 30 21 5 37 59 8 72 29 46 85 54 59 43 0 93 1 45 28 75 94 56 37 23 0 3 1 
74 53 76 40 63 59 61 20 96 73 28 69 54 75 6 8 34 2 61 27 3 6 8 79 1 16 68 76 70 23 77 96 76 54 36 92 13 50 12 61 23 41 82 29 68 89 37 54 91 98 34 46 57 42 25 58 58 45 86 81 69 16 77 97 22 66 89 87 16 2 48 91 95 83 20 15 72 9 69 15 60 3 13 17 45 39 27 56 36 65 89 57 81 18 55 3 84 96 90 52 50 39 95 45 22 67 12 46 77 82 13 37 37 26 6 35 17 33 0 54 
98 80 63 80 50 18 35 35 15 26 39 65 17 35 63 91 2 75 89 31 9 2 68 47 80 26 82 50 11 25 56 62 57 19 94 7 38 29 94 5 55 34 70 24 69 85 15 23 13 4 55 22 58 75 69 91 2 3 41 65 80 97 27 37 68 21 45 6 51 91 63 58 25 34 83 46 71 50 70 84 55 77 7 65 52 28 8 6 84 49 72 64 98 51 2 67 73 99 25 24 90 89 82 68 75 17 14 46 68 36 83 75 13 90 40 18 70 1 76 0 
